	0
0	0.0026575364
1	0.0043424764
2	0.0059766187
3	0.006781969
4	0.00784906
5	0.007715162
6	0.0064637777
7	0.0064122826
8	0.0064171962
9	0.0060323766
10	0.00580155
11	0.0060250787
12	0.0062167607
13	0.006267856
14	0.0067676986
15	0.00681299
16	0.0068896813
17	0.0069955923
18	0.006698482
19	0.0065011634
20	0.006441495
21	0.0065957783
22	0.008001574
23	0.0070716357
24	0.0065391753
25	0.0069286916
26	0.007926357
27	0.0061377706
28	0.005977194
29	0.005746389
30	0.005720112
31	0.0057726745
32	0.005882935
33	0.0062573003
34	0.006284186
35	0.0062831715
36	0.006525239
37	0.0073091974
38	0.007189239
39	0.0075623384
40	0.0074208826
41	0.0072581093
42	0.0066897194
43	0.006675439
44	0.0062821135
45	0.0059654126
46	0.005773033
47	0.005852572
48	0.005489399
49	0.0062300754
50	0.006001247
51	0.005867442
52	0.006006106
53	0.0058261026
54	0.0056225085
55	0.005501387
56	0.0053136516
57	0.005290523
58	0.0056325737
59	0.0055774753
60	0.005659583
61	0.0065742023
62	0.0062811496
63	0.006190219
64	0.006027488
65	0.006248394
66	0.00619125
67	0.0059822686
68	0.005916845
69	0.005606521
70	0.0055773705
71	0.0054634116
72	0.005934675
73	0.0053610774
74	0.0060476223
75	0.005873765
76	0.0056606396
77	0.005613292
78	0.006302745
79	0.0058035073
80	0.006085663
81	0.006598999
82	0.0069226124
83	0.006816446
84	0.0069056386
85	0.0071694287
86	0.00684118
87	0.0068856487
88	0.0071869623
89	0.008080954
90	0.006841068
91	0.007262854
92	0.0074443934
93	0.007221247
94	0.0067059696
95	0.006186817
96	0.0061344896
97	0.006343513
98	0.0057840487
99	0.00583664
100	0.0062571326
101	0.0064200307
102	0.006144573
103	0.008738345
104	0.0063376203
105	0.0059198416
106	0.0056852596
107	0.0062647313
108	0.005806648
109	0.0055380943
110	0.005928716
111	0.006206453
112	0.0068112942
113	0.006800427
114	0.007232478
115	0.010063449
116	0.007569868
117	0.0077472236
118	0.0082368525
119	0.009080521
120	0.009138573
121	0.0075359885
122	0.0077771256
123	0.0072304374
124	0.006838004
125	0.0063090464
126	0.006053884
127	0.0063915686
128	0.006358695
129	0.0063760565
130	0.00704754
131	0.006692995
132	0.006480377
133	0.0060063805
134	0.0062703188
135	0.0061975773
136	0.007183272
137	0.0061985743
138	0.00662518
139	0.0071082357
140	0.007046552
141	0.007839276
142	0.0077717863
143	0.012179054
144	0.008727305
145	0.011711389
146	0.007846773
147	0.008351091
148	0.008074582
149	0.006504696
150	0.006134532
151	0.00629514
152	0.006043718
153	0.0053865192
154	0.005945744
155	0.0056966986
156	0.0056777014
157	0.005579166
158	0.005504345
159	0.005578326
160	0.0055522355
161	0.00538492
162	0.005565185
163	0.0056030797
164	0.0053628925
165	0.005099464
166	0.005331152
167	0.005009476
168	0.005365704
169	0.0050040646
170	0.005221254
171	0.0054352977
172	0.0057014534
173	0.0056526475
174	0.005759576
175	0.0059030126
176	0.0056776404
177	0.0057383967
178	0.0055277925
179	0.0057872427
180	0.005374098
181	0.005485747
182	0.005493455
183	0.005433155
184	0.0054256096
185	0.005367203
186	0.005311189
187	0.005501394
188	0.0056553343
189	0.005807661
190	0.0059853094
191	0.008608647
192	0.005620033
193	0.005759265
194	0.005547793
195	0.0055846185
196	0.005397919
197	0.0049524815
198	0.005147437
199	0.005327968
200	0.005679302
201	0.006037676
202	0.006308307
203	0.006454164
204	0.006355396
205	0.0067954864
206	0.006606048
207	0.006628827
208	0.006893204
209	0.006227701
210	0.0071795285
211	0.006377005
212	0.0063092173
213	0.0062225633
214	0.0062525366
215	0.006470699
216	0.007092625
217	0.00705732
218	0.009358378
219	0.007922538
220	0.0069407225
221	0.0065893885
222	0.0065415017
223	0.006235754
224	0.00591786
225	0.006440617
226	0.006114035
227	0.0066286754
228	0.0071214885
229	0.0068134964
230	0.007406448
231	0.009953154
232	0.00708183
233	0.007063865
234	0.0069187004
235	0.006341877
236	0.006503817
237	0.0064266897
238	0.0060690194
239	0.0066516474
240	0.006695845
241	0.0065651936
242	0.0065245163
243	0.0066028945
244	0.0066163205
245	0.0063520945
246	0.0070960624
247	0.0068021817
248	0.006806597
249	0.0066338256
250	0.0065279463
251	0.006587494
252	0.006946045
253	0.006877806
254	0.006873233
255	0.0068153217
256	0.006934415
257	0.006487526
258	0.0061693466
259	0.0056916485
260	0.0055493377
261	0.0056934096
262	0.005785988
263	0.0058855866
264	0.0062429933
265	0.006011915
266	0.006722579
267	0.006145046
268	0.0077648563
269	0.009050328
270	0.008417297
271	0.00971223
272	0.008110268
273	0.0071545495
274	0.006829123
275	0.00616223
276	0.005899703
277	0.0057103666
278	0.005900599
279	0.0058296076
280	0.0070020612
281	0.0060948357
282	0.005677526
283	0.0060076118
284	0.0068075685
285	0.005883538
286	0.0059791543
287	0.005985791
288	0.006270024
289	0.0063285884
290	0.005989499
291	0.006279248
292	0.0058189286
293	0.0055238605
294	0.0057991175
295	0.0057884064
296	0.005443556
297	0.0060677603
298	0.0053828955
299	0.0058072787
300	0.005872368
301	0.005994847
302	0.00572675
303	0.005722787
304	0.0057565784
305	0.0055826767
306	0.005729177
307	0.0053660776
308	0.005470247
309	0.0053944
310	0.005477314
311	0.005640492
312	0.0062096575
313	0.0067991093
314	0.0061943843
315	0.0077509684
316	0.006514193
317	0.0059036226
318	0.005884061
319	0.0056732288
320	0.005733535
321	0.006209879
322	0.0058137453
323	0.0061995517
324	0.006386405
325	0.0062475097
326	0.0068993554
327	0.006744899
328	0.007037968
329	0.006848749
330	0.0073010297
331	0.00670867
332	0.0071146092
333	0.007044438
334	0.0076104454
335	0.0069121104
336	0.0072511397
337	0.0067924745
338	0.006604045
339	0.0068444507
340	0.006254782
341	0.0065108556
342	0.006351878
343	0.00675802
344	0.006705315
345	0.0069934167
346	0.007761162
347	0.00676856
348	0.0070866346
349	0.00641189
350	0.0071923146
351	0.0064723594
352	0.006374212
353	0.0070844814
354	0.0061074984
355	0.0067885253
356	0.005854179
357	0.005956026
358	0.0056368066
359	0.0055951113
360	0.005418269
361	0.005418618
362	0.005803288
363	0.005701524
364	0.005946805
365	0.006734332
366	0.0063922913
367	0.0067866473
368	0.006834313
369	0.0075054485
370	0.007144513
371	0.007939915
372	0.010637341
373	0.0072659818
374	0.0071286834
375	0.0068263216
376	0.006364162
377	0.0061740195
378	0.0058407923
379	0.006944646
380	0.0070190327
381	0.0069093434
382	0.007400725
383	0.009534122
384	0.008055099
385	0.006749822
386	0.0069095395
387	0.006094893
388	0.0061952216
389	0.006460334
390	0.006400314
391	0.007179488
392	0.006739486
393	0.007317564
394	0.011388179
395	0.0069227275
396	0.0070124245
397	0.0068333326
398	0.006827238
399	0.006678039
400	0.0077800862
401	0.0069751646
402	0.006637552
403	0.0065582576
404	0.0068226624
405	0.0066961045
406	0.006803972
407	0.0076882113
408	0.0070518693
409	0.0076470235
410	0.008606243
411	0.0077201966
412	0.0071929777
413	0.007430949
414	0.0069563305
415	0.007213788
416	0.0063721915
417	0.006165127
418	0.0064008962
419	0.007955853
420	0.0076040663
421	0.0076649357
422	0.008806866
423	0.007874972
424	0.008799221
425	0.009749614
426	0.0080595
427	0.009382461
428	0.008537313
429	0.00798674
430	0.0076546175
431	0.00861198
432	0.011729682
433	0.008070098
434	0.0077767717
435	0.008037763
436	0.0077513754
437	0.0076451497
438	0.0076678125
439	0.008095425
440	0.0073964195
441	0.0070896535
442	0.0076204026
443	0.0074709
444	0.007355583
445	0.011437484
446	0.008110232
447	0.00739884
448	0.007328496
449	0.007263574
450	0.007200407
451	0.007759548
452	0.00782077
453	0.008088149
454	0.0103614945
455	0.008443801
456	0.008761355
457	0.008136497
458	0.0073172944
459	0.008700553
460	0.0068596806
461	0.0075537455
462	0.006294848
463	0.0068663224
464	0.0074827434
465	0.0067010624
466	0.0064413985
467	0.0069752154
468	0.006530639
469	0.006501781
470	0.0063838437
471	0.00657102
472	0.006293335
473	0.0056225304
474	0.005366805
475	0.0061594564
476	0.0060044667
477	0.006319291
478	0.0059898384
479	0.0077816453
480	0.0070467675
481	0.006991984
482	0.006717232
483	0.0077765384
484	0.006740827
485	0.0064836293
486	0.006128541
487	0.0055167032
488	0.005695426
489	0.005852299
490	0.006703159
491	0.0064156875
492	0.0061390772
493	0.006341886
494	0.0064566517
495	0.007234196
496	0.0076396316
497	0.008206528
498	0.009702519
499	0.00665005
500	0.0063764635
501	0.005724605
502	0.005854171
503	0.005854895
504	0.0062549515
505	0.0055374936
506	0.0063609187
507	0.005689693
508	0.0058307815
509	0.0067181457
510	0.0056422288
511	0.0055684224
512	0.005912255
513	0.005329516
514	0.0056904345
515	0.006020186
516	0.0053805686
517	0.005595362
518	0.006162578
519	0.005711005
520	0.0059878547
521	0.0060994127
522	0.0059081903
523	0.0061593186
524	0.00602186
525	0.0062292386
526	0.0061575156
527	0.0060567474
528	0.0063079013
529	0.0066248085
530	0.007552713
531	0.0075517055
532	0.0071818084
533	0.007857268
534	0.0071845506
535	0.007014285
536	0.0064709582
537	0.0063036685
538	0.0055555883
539	0.005855093
540	0.008073548
541	0.006278148
542	0.005993063
543	0.0077867685
544	0.0074017295
545	0.007154963
546	0.006372683
547	0.00852943
548	0.0057475315
549	0.006563304
550	0.0058177216
551	0.0055609928
552	0.006070962
553	0.00610877
554	0.0057478053
555	0.005586532
556	0.0058467383
557	0.005577044
558	0.005674202
559	0.0054353564
560	0.00569663
561	0.00588656
562	0.005983417
563	0.0056108227
564	0.006004446
565	0.005713568
566	0.00585639
567	0.0059309835
568	0.005959236
569	0.005940686
570	0.0060059596
571	0.005763687
572	0.0058164056
573	0.0058122557
574	0.0061311754
575	0.0061138216
576	0.006507679
577	0.006135992
578	0.0071451743
579	0.0069225077
580	0.0071332343
581	0.0064282594
582	0.0060646306
583	0.006466484
584	0.006050337
585	0.006803534
586	0.0059647663
587	0.0066589434
588	0.0066140676
589	0.006356054
590	0.006891767
591	0.006988914
592	0.0075674835
593	0.006896613
594	0.0065043755
595	0.0066036433
596	0.006269276
597	0.005686868
598	0.005479638
599	0.00538019
600	0.0052392986
601	0.006074114
602	0.0058921515
603	0.0061755544
604	0.0062440718
605	0.0062285415
606	0.00721669
607	0.012322384
608	0.006719065
609	0.007677885
610	0.0076197954
611	0.0064224047
612	0.0062580835
613	0.005940885
614	0.006067577
615	0.0057873703
616	0.005697529
617	0.005561632
618	0.0055861594
619	0.0050108163
620	0.00503165
621	0.0054034726
622	0.005425676
623	0.005708646
624	0.005814226
625	0.005890771
626	0.00604258
627	0.0059359907
628	0.0059068017
629	0.0061722677
630	0.006155228
631	0.0065267123
632	0.0073315063
633	0.010968233
634	0.009328516
635	0.010969775
636	0.013272842
637	0.0111047635
638	0.011402534
639	0.009893316
640	0.010580864
641	0.012261337
642	0.008102629
643	0.007853453
644	0.0070476737
645	0.00631422
646	0.0059276763
647	0.005727553
648	0.005209501
649	0.0052891094
650	0.0052815094
651	0.0058202534
652	0.0055365255
653	0.0053613577
654	0.005434175
655	0.0054775113
656	0.005243724
657	0.0054705967
658	0.00545099
659	0.005666066
660	0.0056871446
661	0.0057011396
662	0.0057601836
663	0.0055949804
664	0.0055011446
665	0.0055866614
666	0.005506525
667	0.0058260653
668	0.0058331806
669	0.0056010494
670	0.005619211
671	0.005240051
672	0.0050729197
673	0.0052178027
674	0.005719141
675	0.005941376
676	0.0059526702
677	0.006054638
678	0.0058741714
679	0.0056483163
680	0.0054810033
681	0.0054010125
682	0.0054795137
683	0.0055559883
684	0.0055994424
685	0.0058785724
686	0.0057205968
687	0.005440779
688	0.005644137
689	0.0055747326
690	0.005306568
691	0.005641035
692	0.005602659
693	0.0056629684
694	0.005834652
695	0.0057419725
696	0.0061346865
697	0.006054299
698	0.005789364
699	0.0058571436
700	0.0058733914
701	0.00558082
702	0.005972879
703	0.005555693
704	0.0057591335
705	0.006080817
706	0.0059382142
707	0.0059699947
708	0.00586895
709	0.0063758115
710	0.0063063856
711	0.005894428
712	0.006369806
713	0.005974761
714	0.005819397
715	0.006102525
716	0.0052040024
717	0.005532779
718	0.0051914584
719	0.00547483
720	0.005344732
721	0.0053277356
722	0.0056796796
723	0.005592837
724	0.0057254215
725	0.005449982
726	0.0055818716
727	0.00593569
728	0.006035807
729	0.008600725
730	0.006142549
731	0.0064198487
732	0.006167056
733	0.0060191453
734	0.0061752293
735	0.0059702275
736	0.0057604164
737	0.0055405847
738	0.005477541
739	0.005532692
740	0.0055341953
741	0.005592788
742	0.0055577965
743	0.0054145386
744	0.0054833842
745	0.0054512643
746	0.005148638
747	0.005269264
748	0.005689688
749	0.005397878
750	0.0054468755
751	0.005725664
752	0.005533221
753	0.006017863
754	0.0058062095
755	0.005689479
756	0.0058372393
757	0.0058936733
758	0.005988431
759	0.0069243703
760	0.007499722
761	0.0065039005
762	0.006568767
763	0.0067872666
764	0.0056199897
765	0.005755269
766	0.005954258
767	0.005584155
768	0.005741591
769	0.0059698666
770	0.0061147194
771	0.008478729
772	0.007811991
773	0.007160477
774	0.008049716
775	0.007499964
776	0.007538559
777	0.008108533
778	0.007134751
779	0.0071349675
780	0.0073406193
781	0.007997127
782	0.0074643227
783	0.007977567
784	0.006952969
785	0.0072099203
786	0.007448447
787	0.007433395
788	0.008048548
789	0.0072605726
790	0.0073036505
791	0.007200455
792	0.006337712
793	0.006185227
794	0.0061749592
795	0.0057165604
796	0.005867364
797	0.005806498
798	0.005982346
799	0.0054739406
800	0.005987371
801	0.0060972255
802	0.007364277
803	0.0064758696
804	0.0062896186
805	0.0063980874
806	0.006497582
807	0.0061670393
808	0.0059007667
809	0.005654347
810	0.0055179456
811	0.005690365
812	0.0064929286
813	0.006489108
814	0.0095038535
815	0.0076500694
816	0.0077852895
817	0.01130751
818	0.008570225
819	0.008505022
820	0.007853745
821	0.006406586
822	0.0064074714
823	0.0062670973
824	0.006100079
825	0.005564254
826	0.0063171675
827	0.0052029304
828	0.005168179
829	0.005184814
830	0.005519024
831	0.005311641
832	0.005807911
833	0.005543869
834	0.0060070064
835	0.005985411
836	0.0061585195
837	0.0066508055
838	0.0065808017
839	0.006592488
840	0.0063452623
841	0.008699918
842	0.008079233
843	0.008902751
844	0.0073342524
845	0.007442951
846	0.009939296
847	0.0076595973
848	0.009060796
849	0.0073505095
850	0.006931308
851	0.007028515
852	0.0065324646
853	0.0062839836
854	0.006614189
855	0.0062507866
856	0.00630549
857	0.005601852
858	0.00569207
859	0.005728824
860	0.0059850207
861	0.006099337
862	0.0060926434
863	0.005952719
864	0.0063772267
865	0.0060183113
866	0.005986344
867	0.0060450155
868	0.0062239124
869	0.0076810075
870	0.007014087
871	0.007293677
872	0.007715186
873	0.0063971346
874	0.006051005
875	0.0053804712
876	0.0051092906
877	0.0047278875
878	0.004512828
879	0.0050101005
880	0.0050964006
881	0.005697664
882	0.006123307
883	0.006914127
884	0.007955279
885	0.009233965
886	0.009423767
887	0.008246195
888	0.0072556078
889	0.006696931
890	0.005947575
891	0.005625551
892	0.0056582377
893	0.005704914
894	0.0054838536
895	0.0055691004
896	0.006014568
897	0.0061951163
898	0.005881293
899	0.005862645
900	0.0066494895
901	0.005744638
902	0.0055637606
903	0.0060978467
904	0.005707368
905	0.0057164216
906	0.0054171733
907	0.0056846067
908	0.0054196077
909	0.005366573
910	0.0053357817
911	0.005428562
912	0.0057066074
913	0.0056977225
914	0.0056628925
915	0.0059928573
916	0.0056505734
917	0.0059427246
918	0.005924764
919	0.005899785
920	0.00580078
921	0.005914187
922	0.0056778616
923	0.006107319
924	0.0055602575
925	0.0055609657
926	0.0056986017
927	0.006148834
928	0.0057930783
929	0.005954781
930	0.005894074
931	0.006132207
932	0.0062787756
933	0.005879204
934	0.005984807
935	0.0060595307
936	0.0060173357
937	0.006207337
938	0.006263099
939	0.0061300304
940	0.0065893894
941	0.0058545237
942	0.005919099
943	0.005779163
944	0.0054738326
945	0.005494572
946	0.0052548335
947	0.005504055
948	0.005692035
949	0.0059436555
950	0.0059918338
951	0.0059610615
952	0.006384004
953	0.0066318223
954	0.0060413023
955	0.0060981233
956	0.0058273845
957	0.00646109
958	0.00612494
959	0.0062838756
960	0.0067271558
961	0.006019785
962	0.0059696976
963	0.006079184
964	0.0062121702
965	0.0071734963
966	0.0077724704
967	0.00862338
968	0.00848018
969	0.0081345895
970	0.00692297
971	0.0067481007
972	0.006769667
973	0.0066060172
974	0.0059033586
975	0.006407731
976	0.006006336
977	0.0056287544
978	0.00559753
979	0.0057088127
980	0.005866578
981	0.0069465656
982	0.0061972737
983	0.0061165313
984	0.005869019
985	0.0061365897
986	0.005858938
987	0.006015001
988	0.006180135
989	0.005860282
990	0.0057927473
991	0.0060262727
992	0.006156693
993	0.0062550344
994	0.006192459
995	0.006484553
996	0.006189137
997	0.00629871
998	0.0064755604
999	0.006654527
1000	0.0069258427
1001	0.0070522437
1002	0.006725457
1003	0.0073941452
1004	0.0066169063
1005	0.006613601
1006	0.0069294563
1007	0.006179192
1008	0.006631689
1009	0.0065079555
1010	0.007577365
1011	0.0069371397
1012	0.006462427
1013	0.0067268605
1014	0.007524485
1015	0.007994331
1016	0.008752341
1017	0.0075771157
1018	0.007715288
1019	0.007984013
1020	0.007759693
1021	0.00692883
1022	0.006583081
1023	0.0063080885
1024	0.0060874796
1025	0.006232326
1026	0.005960908
1027	0.006363905
1028	0.006694085
1029	0.006259905
1030	0.0066990736
1031	0.006246675
1032	0.0063979723
1033	0.0059229243
1034	0.0076512014
1035	0.0063530575
1036	0.005949315
1037	0.0063859476
1038	0.0066087414
1039	0.0066211447
1040	0.008021474
1041	0.008334306
1042	0.0064304518
1043	0.00635726
1044	0.0066317734
1045	0.007077609
1046	0.007934614
1047	0.008726615
1048	0.008067902
1049	0.0079206545
1050	0.008427616
1051	0.0078674
1052	0.008214445
1053	0.008678494
1054	0.008898493
1055	0.010269988
1056	0.009468081
1057	0.009168955
1058	0.0081125535
1059	0.0077120587
1060	0.007150932
1061	0.0060500265
1062	0.0054779276
1063	0.00587193
1064	0.0056950613
1065	0.0056839157
1066	0.0059061423
1067	0.0062315604
1068	0.0064615514
1069	0.0063298596
1070	0.0058188746
1071	0.005601556
1072	0.0055014826
1073	0.0051578013
1074	0.005863675
1075	0.005683667
1076	0.005460707
1077	0.0057267947
1078	0.0058686044
1079	0.0061770882
1080	0.0059378087
1081	0.0061848764
1082	0.006268019
1083	0.006191643
1084	0.00635029
1085	0.0059507554
1086	0.006368007
1087	0.0058454974
1088	0.0062280414
1089	0.006030411
1090	0.0056838607
1091	0.007169552
1092	0.0061296932
1093	0.0061173607
1094	0.006334575
1095	0.006228609
1096	0.0060847737
1097	0.005846423
1098	0.005838196
1099	0.0060182884
1100	0.0061857533
1101	0.0057579693
1102	0.00546297
1103	0.0055884207
1104	0.0051646205
1105	0.005356603
1106	0.00536537
1107	0.005634725
1108	0.0054483972
1109	0.0056999875
1110	0.0055026086
1111	0.0050375094
1112	0.005064105
1113	0.005158647
1114	0.0051695504
1115	0.0054355254
1116	0.005516603
1117	0.00540765
1118	0.0057886317
1119	0.005462577
1120	0.0057554124
1121	0.005652992
1122	0.0055029634
1123	0.005537434
1124	0.005512481
1125	0.005574904
1126	0.0055554174
1127	0.00523651
1128	0.0054526795
1129	0.005343152
1130	0.0055942526
1131	0.0055163316
1132	0.005641432
1133	0.00568029
1134	0.005394339
1135	0.0053262305
1136	0.005413021
1137	0.0054004523
1138	0.005767579
1139	0.005585275
1140	0.0054366514
1141	0.005712214
1142	0.005345435
1143	0.0054529333
1144	0.0053965235
1145	0.005579493
1146	0.005582205
1147	0.0053502526
1148	0.005355372
1149	0.0055028694
1150	0.005353842
1151	0.0054427246
1152	0.005067844
1153	0.0049992017
1154	0.0052260337
1155	0.0056260093
1156	0.005130719
1157	0.0050537908
1158	0.005177159
1159	0.0053296066
1160	0.005295672
1161	0.0051209438
1162	0.005131988
1163	0.0051796166
1164	0.004870935
1165	0.0049313162
1166	0.0050395466
1167	0.005157924
1168	0.005106455
1169	0.0054280544
1170	0.0054087667
1171	0.005270279
1172	0.005139659
1173	0.0053239977
1174	0.0055080187
1175	0.005146588
1176	0.0054394244
1177	0.005912604
1178	0.005905619
1179	0.0058318707
1180	0.006086466
1181	0.005517068
1182	0.0054561635
1183	0.0054012025
1184	0.0056211073
1185	0.005579021
1186	0.005718643
1187	0.0059596812
1188	0.0058027497
1189	0.005939573
1190	0.005991267
1191	0.0056554857
1192	0.0052416176
1193	0.0054147206
1194	0.005621178
1195	0.005474021
1196	0.0057385433
1197	0.005608556
1198	0.0054399516
1199	0.0058149844
1200	0.005796692
1201	0.0056145927
1202	0.00586107
1203	0.0066900123
1204	0.006492965
1205	0.0066811964
1206	0.0061715455
1207	0.0063747726
1208	0.0063255476
1209	0.00564965
1210	0.0054519568
1211	0.00537098
1212	0.0050856555
1213	0.0053321267
1214	0.0051540555
1215	0.005293238
1216	0.0055517526
1217	0.005553679
1218	0.006240705
1219	0.005801888
1220	0.0056574102
1221	0.0055229864
1222	0.005321744
1223	0.0055069546
1224	0.005696004
1225	0.005901134
1226	0.0058606314
1227	0.0060202694
1228	0.0056992224
1229	0.0058077676
1230	0.0056115547
1231	0.005461028
1232	0.0055619664
1233	0.0056733214
1234	0.0056610894
1235	0.0056582973
1236	0.005751714
1237	0.006022067
1238	0.006508493
1239	0.0060114576
1240	0.006910313
1241	0.006044862
1242	0.006353734
1243	0.00665015
1244	0.0072123525
1245	0.007973515
1246	0.006372678
1247	0.0066695483
1248	0.006417811
1249	0.0064176545
1250	0.006528105
1251	0.00626496
1252	0.006305602
1253	0.0060957596
1254	0.006105373
1255	0.0064482843
1256	0.006906471
1257	0.005850496
1258	0.0056814225
1259	0.00602016
1260	0.0056969333
1261	0.0062213247
1262	0.00630854
1263	0.006024616
1264	0.0060455003
1265	0.0061100777
1266	0.0057545453
1267	0.0060474807
1268	0.006489544
1269	0.0072001657
1270	0.006704594
1271	0.007302502
1272	0.0071071284
1273	0.00685833
1274	0.0065972474
1275	0.0061690006
1276	0.006282569
1277	0.00625074
1278	0.0062790625
1279	0.0060185436
1280	0.0057093278
1281	0.005691897
1282	0.005162241
1283	0.0055314824
1284	0.0059605725
1285	0.0061324905
1286	0.006027869
1287	0.006336157
1288	0.005556506
1289	0.0057734754
1290	0.0057370206
1291	0.005139174
1292	0.005488037
1293	0.005437305
1294	0.0057972926
1295	0.0056572687
1296	0.005758739
1297	0.005632758
1298	0.0058797603
1299	0.0062567657
1300	0.005523066
1301	0.005762412
1302	0.006108735
1303	0.0058586844
1304	0.0053212363
1305	0.005264796
1306	0.0056340806
1307	0.0054971115
1308	0.005803844
1309	0.005821241
1310	0.0054831635
1311	0.0053949365
1312	0.00592679
1313	0.0052187634
1314	0.0055112084
1315	0.0058115516
1316	0.00568386
1317	0.0058464287
1318	0.0057772454
1319	0.0057933712
1320	0.0058742636
1321	0.0058875466
1322	0.0056281122
1323	0.005997046
1324	0.006587004
1325	0.006404009
1326	0.0058005075
1327	0.005688277
1328	0.005893328
1329	0.00496619
1330	0.0054844418
1331	0.005399017
1332	0.005486521
1333	0.005980757
1334	0.0058470443
1335	0.0056589874
1336	0.0058537954
1337	0.0055891573
1338	0.0055289124
1339	0.0053140717
1340	0.0057135685
1341	0.0058788983
1342	0.0057986053
1343	0.005965093
1344	0.007928611
1345	0.006143591
1346	0.005873855
1347	0.006209217
1348	0.007324111
1349	0.00899134
1350	0.0079871435
1351	0.007954815
1352	0.008180244
1353	0.007114645
1354	0.0069495793
1355	0.006220907
1356	0.0063978606
1357	0.0065991245
1358	0.0067200186
1359	0.006942625
1360	0.007131817
1361	0.006607356
1362	0.0064890413
1363	0.007244435
1364	0.0066358447
1365	0.0067798123
1366	0.007018654
1367	0.007212868
1368	0.00745386
1369	0.007156367
1370	0.007907176
1371	0.007587634
1372	0.0073673874
1373	0.0077483538
1374	0.0074657407
1375	0.007836174
1376	0.007050935
1377	0.007119324
1378	0.007186372
1379	0.007095337
1380	0.0066164345
1381	0.00692426
1382	0.0064245635
1383	0.0064515616
1384	0.006667001
1385	0.0069208546
1386	0.006740008
1387	0.006671649
1388	0.0069055855
1389	0.0070695695
1390	0.006808511
1391	0.0065894253
1392	0.00698189
1393	0.006662303
1394	0.006937414
1395	0.0065146605
1396	0.006616299
1397	0.0074395966
1398	0.006440936
1399	0.0066916794
1400	0.0069857496
1401	0.008029291
1402	0.01081467
1403	0.010224469
1404	0.010737233
1405	0.012679281
1406	0.01116614
1407	0.008662758
1408	0.007920207
1409	0.007455536
1410	0.0066941273
1411	0.007001875
1412	0.006041928
1413	0.0075220414
1414	0.005911133
1415	0.005847694
1416	0.007225233
1417	0.005560589
1418	0.0054994794
1419	0.0056679873
1420	0.005769275
1421	0.005941485
1422	0.0067567984
1423	0.0066458224
1424	0.0063680075
1425	0.006751791
1426	0.0061828718
1427	0.00557472
1428	0.005923548
1429	0.005962393
1430	0.006273197
1431	0.0069930158
1432	0.0070626717
1433	0.010802912
1434	0.010061464
1435	0.007844068
1436	0.008078013
1437	0.008002148
1438	0.007447996
1439	0.007932361
1440	0.0075168647
1441	0.007922345
1442	0.0072796093
1443	0.006618702
1444	0.0062345667
1445	0.005935468
1446	0.005836766
1447	0.005651922
1448	0.0058211866
1449	0.0061052684
1450	0.006213189
1451	0.006582355
1452	0.0064094067
1453	0.0063054916
1454	0.0061963247
1455	0.0061813844
1456	0.0056407265
1457	0.0059549985
1458	0.0062857494
1459	0.0061703576
1460	0.0060187574
1461	0.006059397
1462	0.005946664
1463	0.006417948
1464	0.0063599115
1465	0.007867893
1466	0.00670088
1467	0.007273633
1468	0.009018423
1469	0.006612597
1470	0.0063115945
1471	0.006292506
1472	0.0060356054
1473	0.0058203214
1474	0.00637077
1475	0.0066297683
1476	0.006143857
1477	0.0059859487
1478	0.0055060126
1479	0.0056693554
1480	0.0060658716
1481	0.006500613
1482	0.0053883363
1483	0.0059950813
1484	0.005733352
1485	0.0058769234
1486	0.0067396816
1487	0.0062401406
1488	0.00731123
1489	0.0059933504
1490	0.005962233
1491	0.0061139176
1492	0.006085355
1493	0.0058871703
1494	0.0057819365
1495	0.0056879343
1496	0.005751891
1497	0.005458167
1498	0.005622427
1499	0.0057158894
1500	0.00615027
1501	0.0066439323
1502	0.0066337637
1503	0.0074777734
1504	0.007212083
1505	0.0066716913
1506	0.0058642738
1507	0.005863517
1508	0.0060029333
1509	0.0057421904
1510	0.0054469034
1511	0.0059841396
1512	0.0054400293
1513	0.0054474976
1514	0.005550715
1515	0.00558223
1516	0.0056046946
1517	0.0057320744
1518	0.0059677586
1519	0.0054284693
1520	0.005473768
1521	0.0055520935
1522	0.0055478653
1523	0.0054204306
1524	0.0052707978
1525	0.0053118123
1526	0.0054219216
1527	0.005594718
1528	0.0056902776
1529	0.0056842137
1530	0.0055950372
1531	0.0058548404
1532	0.0057635778
1533	0.0055546327
1534	0.0056136106
1535	0.0056565898
1536	0.0057410095
1537	0.0056436392
1538	0.0056078406
1539	0.0055452627
1540	0.0058203824
1541	0.005338522
1542	0.005495004
1543	0.005457028
1544	0.0054270923
1545	0.0056635523
1546	0.005394233
1547	0.0059299716
1548	0.0059729596
1549	0.0059852228
1550	0.0064557507
1551	0.0058571566
1552	0.0059446422
1553	0.0055460394
1554	0.005783598
1555	0.005749754
1556	0.0061403355
1557	0.006131946
1558	0.006312147
1559	0.0064838976
1560	0.0066447863
1561	0.0065058214
1562	0.0063878857
1563	0.0064610722
1564	0.0069587356
1565	0.0065331156
1566	0.006828765
1567	0.006164221
1568	0.0059687155
1569	0.0059366208
1570	0.0062497472
1571	0.005718892
1572	0.006302747
1573	0.0059880014
1574	0.0073893624
1575	0.007393632
1576	0.0070400746
1577	0.0077309934
1578	0.009362967
1579	0.007056371
1580	0.0066781333
1581	0.0062278686
1582	0.006048767
1583	0.0060178232
1584	0.0058786804
1585	0.006076802
1586	0.005716349
1587	0.005564869
1588	0.005525913
1589	0.0054655024
1590	0.0053311842
1591	0.0053229444
1592	0.0054086726
1593	0.005289291
1594	0.005514513
1595	0.005274214
1596	0.0049526365
1597	0.0051909685
1598	0.005418864
1599	0.005436133
1600	0.005715242
1601	0.0062260497
1602	0.005529057
1603	0.005846249
1604	0.006352369
1605	0.0058953864
1606	0.005392706
1607	0.005549461
1608	0.0057621524
1609	0.00576852
1610	0.005786799
1611	0.0060739904
1612	0.006795303
1613	0.006035344
1614	0.0060379123
1615	0.0060291
1616	0.0059471847
1617	0.0061790906
1618	0.0063346047
1619	0.005815618
1620	0.0054740785
1621	0.0053130114
1622	0.005708523
1623	0.0055500823
1624	0.005028056
1625	0.005453583
1626	0.0051439824
1627	0.005320298
1628	0.00548713
1629	0.0055241184
1630	0.0055171987
1631	0.005705343
1632	0.0054376973
1633	0.005287947
1634	0.0052537196
1635	0.0055243317
1636	0.005468101
1637	0.0055039227
1638	0.0057860194
1639	0.00599353
1640	0.0055090077
1641	0.0056155454
1642	0.0053453357
1643	0.005879202
1644	0.005637987
1645	0.0059191594
1646	0.0057431464
1647	0.005974267
1648	0.005910337
1649	0.005550231
1650	0.0054493127
1651	0.0052740965
1652	0.005007043
1653	0.0052287625
1654	0.0054101567
1655	0.00554574
1656	0.0054315566
1657	0.005617396
1658	0.0057024825
1659	0.0053093666
1660	0.005413108
1661	0.005385494
1662	0.005751201
1663	0.0061886683
1664	0.00672511
1665	0.0077699283
1666	0.008474559
1667	0.009115864
1668	0.009705545
1669	0.008090524
1670	0.008280893
1671	0.0064415997
1672	0.0065808035
1673	0.006692813
1674	0.006885891
1675	0.006722173
1676	0.0071627856
1677	0.006836994
1678	0.007058177
1679	0.0068870583
1680	0.0067069754
1681	0.007470452
1682	0.0064968057
1683	0.007099485
1684	0.0071552
1685	0.007237638
1686	0.00846127
1687	0.0074385526
1688	0.007861522
1689	0.007103934
1690	0.007326195
1691	0.0064463527
1692	0.0068587954
1693	0.0065739593
1694	0.0064540263
1695	0.006810515
1696	0.0069121383
1697	0.006496151
1698	0.007191324
1699	0.0065768017
1700	0.00642942
1701	0.0063947234
1702	0.006336027
1703	0.006466087
1704	0.005955861
1705	0.0062684924
1706	0.0056592347
1707	0.0057309093
1708	0.005821745
1709	0.006394026
1710	0.006501144
1711	0.0058313254
1712	0.0062106606
1713	0.005658663
1714	0.0055404007
1715	0.005824103
1716	0.0061898874
1717	0.0053800447
1718	0.005693171
1719	0.0059658
1720	0.005943368
1721	0.0061183767
1722	0.006205679
1723	0.0060746106
1724	0.0059303343
1725	0.0062045343
1726	0.006182163
1727	0.006526945
1728	0.006319352
1729	0.0065091737
1730	0.0069681043
1731	0.008143057
1732	0.008941293
1733	0.009540738
1734	0.008005222
1735	0.0075707193
1736	0.0069170925
1737	0.006247325
1738	0.006013578
1739	0.006030907
1740	0.0060946513
1741	0.0061047925
1742	0.0062344726
1743	0.006410029
1744	0.006089728
1745	0.0060969694
1746	0.0061010905
1747	0.006058314
1748	0.0061218585
1749	0.006384125
1750	0.006518713
1751	0.0066284374
1752	0.0068830485
1753	0.006339747
1754	0.005992512
1755	0.0059237657
1756	0.005984463
1757	0.006222456
1758	0.0058774548
1759	0.006051985
1760	0.0066560623
1761	0.0064734197
1762	0.006068565
1763	0.006220949
1764	0.005966249
1765	0.006094693
1766	0.005993006
1767	0.0061197625
1768	0.005626693
1769	0.005941581
1770	0.0056890557
1771	0.0056243213
1772	0.005740865
1773	0.0058496576
1774	0.006036571
1775	0.0056872433
1776	0.005820459
1777	0.005758073
1778	0.0061029587
1779	0.0058083767
1780	0.006070565
1781	0.006106505
1782	0.0060705733
1783	0.0062039387
1784	0.007941367
1785	0.007678899
1786	0.00747109
1787	0.006651638
1788	0.0062000193
1789	0.0063321544
1790	0.0065742196
1791	0.0064035216
1792	0.0061612763
1793	0.0060659745
1794	0.0059750034
1795	0.00586745
1796	0.005545768
1797	0.0057606883
1798	0.0056670643
1799	0.0058516376
1800	0.0056665484
1801	0.006118753
1802	0.0066939476
1803	0.007536173
1804	0.0072135595
1805	0.0074769496
1806	0.007068549
1807	0.0063790493
1808	0.005755293
1809	0.0059451284
1810	0.0060398853
1811	0.0061183274
1812	0.005839506
1813	0.0062542837
1814	0.005990823
1815	0.0058564856
1816	0.0059553483
1817	0.006066285
1818	0.0060570557
1819	0.006774015
1820	0.0060550384
1821	0.0061961673
1822	0.0059327893
1823	0.0058925143
1824	0.005972902
1825	0.0056697773
1826	0.005979364
1827	0.0058472315
1828	0.0060025565
1829	0.006001505
1830	0.0059785517
1831	0.0061739963
1832	0.006350208
1833	0.0061334698
1834	0.0066434573
1835	0.006724948
1836	0.006200334
1837	0.0064587086
1838	0.0062972773
1839	0.0059835445
1840	0.0064349277
1841	0.006213636
1842	0.005926567
1843	0.0062131984
1844	0.005849149
1845	0.005719237
1846	0.0058740033
1847	0.005939122
1848	0.0058803856
1849	0.0061583966
1850	0.005962861
1851	0.0061677266
1852	0.005891817
1853	0.006157565
1854	0.0060314266
1855	0.006126535
1856	0.0061192424
1857	0.006002996
1858	0.0062085306
1859	0.0060441587
1860	0.0063286414
1861	0.0060282736
1862	0.0057187537
1863	0.005919258
1864	0.005850746
1865	0.006205936
1866	0.006361968
1867	0.0071468093
1868	0.006499204
1869	0.006395888
1870	0.0067114444
1871	0.007149704
1872	0.007581428
1873	0.007584663
1874	0.0071629873
1875	0.007499283
1876	0.007850932
1877	0.006969389
1878	0.005823629
1879	0.0051970887
1880	0.0051471675
1881	0.0053829406
1882	0.005472753
1883	0.006004599
1884	0.0058863703
1885	0.0065722023
1886	0.00652599
1887	0.006658966
1888	0.0062803878
1889	0.006384305
1890	0.0062328493
1891	0.006538082
1892	0.006304692
1893	0.0064861164
1894	0.006265908
1895	0.005922521
1896	0.006632669
1897	0.006561095
1898	0.006999464
1899	0.0073655164
1900	0.007580031
1901	0.008573942
1902	0.007862617
1903	0.007901046
1904	0.007690829
1905	0.00772166
1906	0.0077712415
1907	0.0092948675
1908	0.0094913
1909	0.0107045015
1910	0.012368778
1911	0.009223883
1912	0.008088805
1913	0.0073520197
1914	0.008471036
1915	0.0072310204
1916	0.0066916943
1917	0.0060931365
1918	0.0061715962
1919	0.005599588
1920	0.005537983
1921	0.0058926996
1922	0.0056364993
1923	0.0057864385
1924	0.005606357
1925	0.0058994526
1926	0.0060181
1927	0.0057525598
1928	0.0056445543
1929	0.0058184657
1930	0.0058962693
1931	0.0062324507
1932	0.0064128
1933	0.006362345
1934	0.007429312
1935	0.006776913
1936	0.0072832243
1937	0.006914812
1938	0.007088328
1939	0.008040023
1940	0.0072494065
1941	0.006671421
1942	0.0064674113
1943	0.0064998665
1944	0.00590425
1945	0.0061565107
1946	0.0063414685
1947	0.008148821
1948	0.00651529
1949	0.0065808203
1950	0.0064848275
1951	0.006111884
1952	0.0055475864
1953	0.0056008967
1954	0.005918869
1955	0.005918567
1956	0.0055580605
1957	0.0062604845
1958	0.0059288675
1959	0.00559806
1960	0.005964449
1961	0.0057665724
1962	0.0061626467
1963	0.0062876986
1964	0.006023755
1965	0.00615274
1966	0.0060165296
1967	0.0055944957
1968	0.005684791
1969	0.00577548
1970	0.005662053
1971	0.0056846505
1972	0.0053357594
1973	0.0051326966
1974	0.005561537
1975	0.0055283615
1976	0.0052859355
1977	0.005211268
1978	0.0055243406
1979	0.005172471
1980	0.005323815
1981	0.005189291
1982	0.005373306
1983	0.005492392
1984	0.0057179434
1985	0.005977979
1986	0.005840276
1987	0.005950274
1988	0.0056225676
1989	0.0053582573
1990	0.005463345
1991	0.0055866707
1992	0.005911314
1993	0.0063639022
1994	0.006694782
1995	0.0065981243
1996	0.0068821427
1997	0.0065412996
1998	0.0060123745
1999	0.0059731007
2000	0.0054188245
2001	0.005313469
2002	0.004893505
2003	0.005174533
2004	0.005239906
2005	0.00541918
2006	0.0055818786
2007	0.005429129
2008	0.005856164
2009	0.0057574552
2010	0.005778373
2011	0.006231291
2012	0.006928593
2013	0.0063252486
2014	0.006778053
2015	0.0065551763
2016	0.006260963
2017	0.006102984
2018	0.005978248
2019	0.0061384253
2020	0.0071143494
2021	0.0058518094
2022	0.005578135
2023	0.0055975784
2024	0.00551053
2025	0.00577654
2026	0.006000486
2027	0.006327626
2028	0.0059974804
2029	0.011009134
2030	0.0066200914
2031	0.006704795
2032	0.00676848
2033	0.0061930316
2034	0.0060594627
2035	0.0059800316
2036	0.005547259
2037	0.0060453126
2038	0.0054528243
2039	0.005650783
2040	0.005787744
2041	0.0058976435
2042	0.005963075
2043	0.006407612
2044	0.0068906015
2045	0.00688761
2046	0.0065281685
2047	0.0063030124
2048	0.006186086
2049	0.0064557525
2050	0.0068288986
2051	0.0061079757
2052	0.0055637467
2053	0.005608597
2054	0.00575513
2055	0.005486255
2056	0.005842489
2057	0.0059281653
2058	0.0058775675
2059	0.0057464815
2060	0.005745138
2061	0.0058703613
2062	0.0057716193
2063	0.005732222
2064	0.0059045674
2065	0.0061848247
2066	0.0062181065
2067	0.006917402
2068	0.0078029525
2069	0.0072984416
2070	0.007552291
2071	0.008245263
2072	0.0071896855
2073	0.0071894387
2074	0.0069890646
2075	0.0073675364
2076	0.0068697394
2077	0.0069433097
2078	0.00663083
2079	0.0069602383
2080	0.0071278643
2081	0.0068192747
2082	0.00704592
2083	0.0074927965
2084	0.007405303
2085	0.0072817495
2086	0.006933113
2087	0.007019073
2088	0.009105165
2089	0.0075291237
2090	0.0067381896
2091	0.006651548
2092	0.0064259404
2093	0.005872027
2094	0.006155453
2095	0.0058098314
2096	0.005577773
2097	0.0059797205
2098	0.005902674
2099	0.0062379166
2100	0.0056071067
2101	0.0060396786
2102	0.0057756286
2103	0.0055700336
2104	0.005977828
2105	0.0057916045
2106	0.0056098066
2107	0.005468905
2108	0.005675908
2109	0.005520419
2110	0.005705021
2111	0.0056548696
2112	0.005551296
2113	0.00578314
2114	0.00611112
2115	0.006063509
2116	0.006146185
2117	0.0062989444
2118	0.006431549
2119	0.00776508
2120	0.006295433
2121	0.006170403
2122	0.006030087
2123	0.0065873284
2124	0.008779796
2125	0.0077655055
2126	0.007956155
2127	0.01451691
2128	0.009055428
2129	0.008509023
2130	0.0098145325
2131	0.007048251
2132	0.0067078685
2133	0.0059876624
2134	0.005610672
2135	0.0063486258
2136	0.005839986
2137	0.0058849184
2138	0.0059490763
2139	0.006122498
2140	0.0060554706
2141	0.0063674008
2142	0.005723929
2143	0.005600304
2144	0.005452374
2145	0.005193115
2146	0.005050091
2147	0.0057626017
2148	0.005222397
2149	0.0056654066
2150	0.0058392948
2151	0.005732946
2152	0.0054271743
2153	0.0055915792
2154	0.0055608535
2155	0.005434813
2156	0.0052559623
2157	0.005608282
2158	0.0058837025
2159	0.005876719
2160	0.006181944
2161	0.0062964032
2162	0.0061047347
2163	0.0063673304
2164	0.007070249
2165	0.005989962
2166	0.0060635367
2167	0.0063871825
2168	0.006314451
2169	0.00625709
2170	0.0060846303
2171	0.0061851013
2172	0.0058246544
2173	0.0060048103
2174	0.006096392
2175	0.006136545
2176	0.005807315
2177	0.0057596043
2178	0.0058559794
2179	0.00574978
2180	0.005711849
2181	0.00596886
2182	0.0062256157
2183	0.006408436
2184	0.006548886
2185	0.0064114206
2186	0.0070385234
2187	0.005778215
2188	0.0058807004
2189	0.0059073577
2190	0.0060392884
2191	0.0064276126
2192	0.0060158595
2193	0.0053260997
2194	0.0053540836
2195	0.005770011
2196	0.0056181373
2197	0.0060062855
2198	0.0063413875
2199	0.006372123
2200	0.00725617
2201	0.0071384283
2202	0.008038946
2203	0.009373801
2204	0.00692356
2205	0.0070273746
2206	0.008354244
2207	0.008126801
2208	0.0073960614
2209	0.0076431944
2210	0.0100248195
2211	0.006681879
2212	0.0065017687
2213	0.0074235816
2214	0.0066662547
2215	0.006417646
2216	0.007196707
2217	0.0067325374
2218	0.007118741
2219	0.00995395
2220	0.006943808
2221	0.007485175
2222	0.006965928
2223	0.006516111
2224	0.00585005
2225	0.0059085405
2226	0.005945176
2227	0.0059953593
2228	0.005847566
2229	0.005844981
2230	0.0060068285
2231	0.005954786
2232	0.0064205653
2233	0.0065178643
2234	0.0060442896
2235	0.0059790383
2236	0.005915376
2237	0.0056155445
2238	0.0057667512
2239	0.006047079
2240	0.006647663
2241	0.0068306318
2242	0.007625591
2243	0.0076519977
2244	0.0075286673
2245	0.0069752745
2246	0.006637553
2247	0.0067009954
2248	0.0065441336
2249	0.0065388065
2250	0.0066682976
2251	0.006729575
2252	0.0065636216
2253	0.0064458065
2254	0.006493366
2255	0.006623136
2256	0.006280862
2257	0.0061526657
2258	0.0059621837
2259	0.006199326
2260	0.006399258
2261	0.006831283
2262	0.008205667
2263	0.008282157
2264	0.0070294025
2265	0.0063508665
2266	0.008255545
2267	0.0051582865
2268	0.005996393
2269	0.0056759194
2270	0.0055089304
2271	0.0054497905
2272	0.005420793
2273	0.0058304165
2274	0.0056113834
2275	0.005894957
2276	0.006090094
2277	0.005463122
2278	0.0056314114
2279	0.0059343213
2280	0.0059982226
2281	0.0069168564
2282	0.007665258
2283	0.0075261802
2284	0.0066519715
2285	0.0058707343
2286	0.005809988
2287	0.00606633
2288	0.005659808
2289	0.0055823326
2290	0.0056246435
2291	0.005568031
2292	0.0056469776
2293	0.0056263325
2294	0.005463455
2295	0.0056391144
2296	0.0055843354
2297	0.0058075143
2298	0.0055706473
2299	0.005635864
2300	0.0053243292
2301	0.0057524377
2302	0.005570612
2303	0.0055510374
2304	0.0056564948
2305	0.0059564365
2306	0.0057872944
2307	0.0058300896
2308	0.005932518
2309	0.00611566
2310	0.0058505004
2311	0.0059429607
2312	0.005469563
2313	0.00574752
2314	0.006537592
2315	0.0057234582
2316	0.005715277
2317	0.005859933
2318	0.0057672863
2319	0.0055293813
2320	0.0059094178
2321	0.006050178
2322	0.0058410987
2323	0.0054572937
2324	0.0056214044
2325	0.005487778
2326	0.0057555926
2327	0.0059214914
2328	0.005990214
2329	0.0057150507
2330	0.005976795
2331	0.005616692
2332	0.005568098
2333	0.005249533
2334	0.0053213164
2335	0.0052555953
2336	0.005051564
2337	0.005068032
2338	0.004910793
2339	0.0054636886
2340	0.005855364
2341	0.0059409896
2342	0.006309357
2343	0.006093543
2344	0.005796604
2345	0.0059856623
2346	0.0055634025
2347	0.0062384987
2348	0.005748682
2349	0.0054407665
2350	0.005149742
2351	0.005003116
2352	0.004997801
2353	0.0051195114
2354	0.005036003
2355	0.0050892914
2356	0.0052371277
2357	0.0056477003
2358	0.006095102
2359	0.006555239
2360	0.0072242874
2361	0.00823935
2362	0.008698521
2363	0.016102374
2364	0.0092349015
2365	0.009107774
2366	0.009471852
2367	0.014106219
2368	0.011804959
2369	0.011422568
2370	0.011324743
2371	0.014692955
2372	0.008670837
2373	0.008077228
2374	0.008286421
2375	0.0075752027
2376	0.006995354
2377	0.0070448625
2378	0.0073685455
2379	0.0067966925
2380	0.0069841724
2381	0.007549874
2382	0.0069610327
2383	0.0070320275
2384	0.0062675346
2385	0.0066971974
2386	0.0067723943
2387	0.0070729544
2388	0.0066933134
2389	0.0065211747
2390	0.006722039
2391	0.0066712145
2392	0.007073623
2393	0.0065729674
2394	0.006052696
2395	0.0063870344
2396	0.0062710387
2397	0.005895933
2398	0.006043086
2399	0.006533461
2400	0.0071011246
2401	0.0073717423
2402	0.008016016
2403	0.009767899
2404	0.008027808
2405	0.006602478
2406	0.005752054
2407	0.0057944935
2408	0.00540476
2409	0.0050890665
2410	0.005409402
2411	0.0054598795
2412	0.0053008357
2413	0.0054493826
2414	0.0056827655
2415	0.005847248
2416	0.0055770716
2417	0.0058017
2418	0.0057314634
2419	0.0059084618
2420	0.005754105
2421	0.0059965276
2422	0.0055925064
2423	0.0054696556
2424	0.00551988
2425	0.0052638846
2426	0.0055486346
2427	0.005497024
2428	0.0056205317
2429	0.005781641
2430	0.005923002
2431	0.0055062124
2432	0.005905755
2433	0.0054112775
2434	0.0052151447
2435	0.0053935116
2436	0.005506684
2437	0.005271256
2438	0.0055036824
2439	0.0056903325
2440	0.005523823
2441	0.005377179
2442	0.0057116505
2443	0.0055920435
2444	0.005658619
2445	0.005297187
2446	0.005831931
2447	0.0055475226
2448	0.0055572996
2449	0.0056569455
2450	0.005961378
2451	0.0058216886
2452	0.0060740244
2453	0.0067732977
2454	0.006152457
2455	0.0065443343
2456	0.0057690972
2457	0.0058295582
2458	0.0060677063
2459	0.0057112686
2460	0.0060851243
2461	0.005599502
2462	0.0052476875
2463	0.005292452
2464	0.0053278767
2465	0.0051325727
2466	0.0055464674
2467	0.005685305
2468	0.005576007
2469	0.0057480154
2470	0.005636448
2471	0.0056352206
2472	0.005633685
2473	0.00546652
2474	0.005169899
2475	0.0050569647
2476	0.005537072
2477	0.0053204745
2478	0.0054774666
2479	0.0055895275
2480	0.005397722
2481	0.005705824
2482	0.005843718
2483	0.005600783
2484	0.005789922
2485	0.005508365
2486	0.005761862
2487	0.005697567
2488	0.0056691
2489	0.005992448
2490	0.0060247947
2491	0.0067630345
2492	0.006410417
2493	0.007330768
2494	0.007120965
2495	0.0062879524
2496	0.006089171
2497	0.0055879215
2498	0.0056360574
2499	0.0053634234
2500	0.0053638513
2501	0.0057523646
2502	0.0056346343
2503	0.0055301287
2504	0.0057146735
2505	0.005180417
2506	0.0059456574
2507	0.005653258
2508	0.0058675827
2509	0.0057976455
2510	0.0055094706
2511	0.005433542
2512	0.005373507
2513	0.0054312414
2514	0.0051950994
2515	0.005570636
2516	0.0056949873
2517	0.005528028
2518	0.005477217
2519	0.0052773436
2520	0.005089917
2521	0.005131559
2522	0.0054577813
2523	0.005407059
2524	0.00597165
2525	0.007659235
2526	0.006791198
2527	0.006871849
2528	0.007394175
2529	0.009173998
2530	0.014453475
2531	0.010776111
2532	0.008395676
2533	0.008434437
2534	0.0070797866
2535	0.008452358
2536	0.0067410646
2537	0.006447969
2538	0.007359288
2539	0.007153147
2540	0.009303614
2541	0.0069059297
2542	0.0075211804
2543	0.008066573
2544	0.007920472
2545	0.0071562002
2546	0.0071164635
2547	0.006161969
2548	0.005941826
2549	0.007457704
2550	0.0062093055
2551	0.006908345
2552	0.014629129
2553	0.008321783
2554	0.008521516
2555	0.011273132
2556	0.008309988
2557	0.008747559
2558	0.008002412
2559	0.0085349195
2560	0.008433689
2561	0.008768964
2562	0.009161752
2563	0.0076553784
2564	0.007605936
2565	0.006880528
2566	0.006507603
2567	0.0062540495
2568	0.0067219613
2569	0.0069447774
2570	0.0070355413
2571	0.0070695737
2572	0.0077912835
2573	0.00675139
2574	0.0063434914
2575	0.0065764375
2576	0.006119949
2577	0.008246951
2578	0.0069642235
2579	0.008002464
2580	0.007388398
2581	0.007482931
2582	0.0071767597
2583	0.0074983295
2584	0.008678483
2585	0.008889593
2586	0.0077604344
2587	0.0067221783
2588	0.0068621486
2589	0.006628001
2590	0.0060152053
2591	0.0063402923
2592	0.006419305
2593	0.0070442967
2594	0.007328201
2595	0.0071243476
2596	0.00850843
2597	0.009006748
2598	0.006466739
2599	0.0066648605
2600	0.0062064845
2601	0.0059804255
2602	0.0057286215
2603	0.0058319895
2604	0.0052153924
2605	0.0053280955
2606	0.005066502
2607	0.005544763
2608	0.0056152903
2609	0.0053183897
2610	0.006052535
2611	0.005671233
2612	0.0062012863
2613	0.006286325
2614	0.0062956614
2615	0.0061155385
2616	0.0065742955
2617	0.006149399
2618	0.0062949313
2619	0.006153427
2620	0.006202124
2621	0.0080146585
2622	0.0074337805
2623	0.009076167
2624	0.0072991126
2625	0.0071808407
2626	0.00823592
2627	0.0070048217
2628	0.0072602364
2629	0.0060692476
2630	0.0060351957
2631	0.005693442
2632	0.0059807426
2633	0.006152191
2634	0.0059508667
2635	0.0070828693
2636	0.005645401
2637	0.0056938296
2638	0.0056410255
2639	0.0054229125
2640	0.005481023
2641	0.005209191
2642	0.0055463165
2643	0.005776983
2644	0.0055994196
2645	0.005583942
2646	0.006106807
2647	0.006077217
2648	0.0061516576
2649	0.0064471504
2650	0.006529817
2651	0.0069158347
2652	0.006607428
2653	0.0069769667
2654	0.007457638
2655	0.010445445
2656	0.007814037
2657	0.0071957074
2658	0.007676184
2659	0.007027732
2660	0.007852839
2661	0.0073022973
2662	0.0074027725
2663	0.008175574
2664	0.008062404
2665	0.010863177
2666	0.008894084
2667	0.008493308
2668	0.009094717
2669	0.008376442
2670	0.009792779
2671	0.008332371
2672	0.0070366254
2673	0.007187277
2674	0.006807931
2675	0.006500448
2676	0.0067354483
2677	0.006744546
2678	0.0060591884
2679	0.0061941817
2680	0.006282442
2681	0.006032736
2682	0.0058607557
2683	0.0065058474
2684	0.005901061
2685	0.005874204
2686	0.0062888274
2687	0.007235518
2688	0.0068963105
2689	0.0107933935
2690	0.007940222
2691	0.008074731
2692	0.007439256
2693	0.006977993
2694	0.007113199
2695	0.0072583053
2696	0.0067436434
2697	0.0071158377
2698	0.007413448
2699	0.006749521
2700	0.0074753542
2701	0.008498879
2702	0.00824253
2703	0.007800069
2704	0.009276759
2705	0.007808582
2706	0.007019885
2707	0.0065765274
2708	0.0061909244
2709	0.00627002
2710	0.0062990184
2711	0.0068394914
2712	0.0070815273
2713	0.0077254325
2714	0.0067393403
2715	0.007040267
2716	0.0069216723
2717	0.009069221
2718	0.008215587
2719	0.009642202
2720	0.008242279
2721	0.010635035
2722	0.008388565
2723	0.007514711
2724	0.007263567
2725	0.0074892794
2726	0.007462303
2727	0.008682083
2728	0.008883029
2729	0.008422462
2730	0.007974448
2731	0.007928805
2732	0.009209294
2733	0.007809869
2734	0.0075554834
2735	0.007373086
2736	0.0070590777
2737	0.0070287883
2738	0.007491363
2739	0.00863659
2740	0.0077097425
2741	0.007122027
2742	0.00682711
2743	0.006231297
2744	0.006710988
2745	0.0070005693
2746	0.0068849446
2747	0.006621643
2748	0.0067514977
2749	0.0065202704
2750	0.0064166565
2751	0.006750294
2752	0.0059767338
2753	0.0059488844
2754	0.005788912
2755	0.005637466
2756	0.005286664
2757	0.0051538297
2758	0.0054331515
2759	0.0046001696
2760	0.004934555
2761	0.0049502323
2762	0.0046282653
2763	0.004997107
2764	0.0054224776
2765	0.005350895
2766	0.0067599453
2767	0.0072765583
2768	0.008202786
2769	0.014020664
2770	0.0088814385
2771	0.010348998
2772	0.009557554
2773	0.0076003415
2774	0.0075419163
2775	0.007316064
2776	0.0066940887
2777	0.0071706953
2778	0.0065720743
2779	0.0058454387
2780	0.005778759
2781	0.0059337597
2782	0.0059062797
2783	0.0057521686
2784	0.005587416
2785	0.005766066
2786	0.0057046786
2787	0.0052170022
2788	0.005267919
2789	0.005577772
2790	0.005451734
2791	0.0054480843
2792	0.0056344615
2793	0.005292774
2794	0.0053679273
2795	0.0056518423
2796	0.0052755927
2797	0.005544286
2798	0.0057265023
2799	0.0060079116
2800	0.006478234
2801	0.0059758937
2802	0.0070465067
2803	0.0062128324
2804	0.0060906913
2805	0.0062850323
2806	0.0069237947
2807	0.0060219355
2808	0.006244374
2809	0.0064005507
2810	0.006216718
2811	0.006401073
2812	0.0065462906
2813	0.006064892
2814	0.006153215
2815	0.006060736
2816	0.0066175926
2817	0.0070082424
2818	0.006461016
2819	0.0070755994
2820	0.0069227293
2821	0.0065785954
2822	0.0063491864
2823	0.0058318526
2824	0.00600122
2825	0.0061207465
2826	0.006036411
2827	0.006843502
2828	0.0059019816
2829	0.005907732
2830	0.0059085875
2831	0.0057866964
2832	0.0057995273
2833	0.005406212
2834	0.005362275
2835	0.0058538024
2836	0.005714543
2837	0.005770293
2838	0.00562508
2839	0.0057430165
2840	0.0058899154
2841	0.0060365438
2842	0.0057326374
2843	0.0056312666
2844	0.005593138
2845	0.005320291
2846	0.0054228324
2847	0.0058638495
2848	0.007843122
2849	0.006599552
2850	0.007365519
2851	0.008166937
2852	0.007184784
2853	0.007724622
2854	0.0065397136
2855	0.007148807
2856	0.006484651
2857	0.006495628
2858	0.0062966235
2859	0.0065075383
2860	0.006531366
2861	0.006033927
2862	0.0060283737
2863	0.0061764866
2864	0.0063967817
2865	0.0063032713
2866	0.006617032
2867	0.0066903415
2868	0.006480732
2869	0.0062762415
2870	0.0063264635
2871	0.0061116368
2872	0.0061579267
2873	0.00582341
2874	0.005972835
2875	0.0061186273
2876	0.0058916053
2877	0.005890711
2878	0.0058006924
2879	0.006000465
2880	0.0060842745
2881	0.0060598883
2882	0.006277619
2883	0.006249547
2884	0.0066170776
2885	0.0063821874
2886	0.0066077504
2887	0.0062688487
2888	0.006143481
2889	0.006018173
2890	0.005795218
2891	0.0058107446
2892	0.006106919
2893	0.006436941
2894	0.0069347303
2895	0.007126884
2896	0.007076563
2897	0.0072169444
2898	0.0062783854
2899	0.0064127757
2900	0.0058614453
2901	0.005788602
2902	0.006337455
2903	0.0064864336
2904	0.0072578955
2905	0.0064817932
2906	0.0061762966
2907	0.00633747
2908	0.0056619802
2909	0.0056883087
2910	0.005482533
2911	0.005658961
2912	0.005938933
2913	0.0055560875
2914	0.0062670438
2915	0.006535596
2916	0.006894774
2917	0.0072195237
2918	0.007951506
2919	0.007029294
2920	0.0067712483
2921	0.0062459763
2922	0.0062340945
2923	0.006277092
2924	0.0061475504
2925	0.006416171
2926	0.006720406
2927	0.0061321445
2928	0.006527017
2929	0.005932346
2930	0.005651141
2931	0.005598915
2932	0.005505223
2933	0.005753044
2934	0.0058245934
2935	0.0058544697
2936	0.0059203627
2937	0.006131759
2938	0.005423704
2939	0.0056988476
2940	0.005410196
2941	0.0050014947
2942	0.005196958
2943	0.0056642136
2944	0.005524377
2945	0.006049091
2946	0.0059960624
2947	0.0061185323
2948	0.006176238
2949	0.005800719
2950	0.0059855296
2951	0.0062380508
2952	0.0059235888
2953	0.0057584103
2954	0.0064730505
2955	0.00574915
2956	0.0063900333
2957	0.0064030075
2958	0.0076530436
2959	0.0068255244
2960	0.007472771
2961	0.008877872
2962	0.0060217534
2963	0.0059020007
2964	0.0063642627
2965	0.006307781
2966	0.0073870933
2967	0.0076812413
2968	0.00726204
2969	0.0067525487
2970	0.006305485
2971	0.005823575
2972	0.005639488
2973	0.0055431784
2974	0.005066689
2975	0.005538124
2976	0.0058780685
2977	0.006097624
2978	0.008780541
2979	0.0062262546
2980	0.006085517
2981	0.00698997
2982	0.006834844
2983	0.006971838
2984	0.0075699715
2985	0.010065064
2986	0.010856497
2987	0.012472058
2988	0.0113758035
2989	0.009347586
2990	0.008126801
2991	0.007971704
2992	0.0074190535
2993	0.0065907594
2994	0.006701814
2995	0.006897079
2996	0.0074374666
2997	0.007197523
2998	0.006800944
2999	0.00727944
3000	0.0067847185
3001	0.0068057445
3002	0.008992223
3003	0.0069150906
3004	0.0073095094
3005	0.0068671918
3006	0.006961313
3007	0.0062902994
3008	0.0066718888
3009	0.0070116967
3010	0.0071802214
3011	0.007362759
3012	0.007219279
3013	0.007623313
3014	0.007831538
3015	0.0077049485
3016	0.0073281
3017	0.0076166103
3018	0.008141167
3019	0.008274164
3020	0.0071433764
3021	0.0075836284
3022	0.0070200656
3023	0.0068198554
3024	0.0062269624
3025	0.007896624
3026	0.0074693775
3027	0.0072211092
3028	0.012821432
3029	0.0067625623
3030	0.006189556
3031	0.0064093485
3032	0.0058515677
3033	0.006027082
3034	0.0061864974
3035	0.0066109337
3036	0.007344409
3037	0.008049304
3038	0.0071657626
3039	0.0071476586
3040	0.0069954833
3041	0.0071794516
3042	0.00771402
3043	0.0068910774
3044	0.0073325317
3045	0.0072007505
3046	0.00705121
3047	0.0079118395
3048	0.0079196375
3049	0.007996356
3050	0.00823314
3051	0.010128647
3052	0.00790276
3053	0.007585006
3054	0.0062893536
3055	0.0061399243
3056	0.006286429
3057	0.00638501
3058	0.0071264068
3059	0.007885378
3060	0.008087909
3061	0.0077627483
3062	0.008153398
3063	0.0065538436
3064	0.0060599726
3065	0.0060949847
3066	0.005608469
3067	0.0057782154
3068	0.006012317
3069	0.005760177
3070	0.0064681107
3071	0.0062520285
3072	0.0068576513
3073	0.007014376
3074	0.006411915
3075	0.006167546
3076	0.006438545
3077	0.006277323
3078	0.0058485214
3079	0.005721735
3080	0.0059087873
3081	0.005747528
3082	0.005747387
3083	0.005275445
3084	0.0052757272
3085	0.0055669956
3086	0.005168467
3087	0.005296866
3088	0.006200008
3089	0.0057129515
3090	0.0057263356
3091	0.008113297
3092	0.006091116
3093	0.006150037
3094	0.0061119264
3095	0.005683011
3096	0.005640121
3097	0.005572418
3098	0.005483929
3099	0.0054705725
3100	0.005280489
3101	0.005493367
3102	0.006118239
3103	0.0053563747
3104	0.0055627846
3105	0.0055133533
3106	0.005838818
3107	0.00533918
3108	0.005656461
3109	0.0051783896
3110	0.0054817186
3111	0.0055218153
3112	0.005613111
3113	0.0062163994
3114	0.0065935943
3115	0.006335021
3116	0.010376224
3117	0.0067054853
3118	0.0066843117
3119	0.006469705
3120	0.0065013897
3121	0.006446124
3122	0.0069143767
3123	0.009783059
3124	0.0070781866
3125	0.0077784564
3126	0.007630312
3127	0.008310163
3128	0.008441201
3129	0.006726037
3130	0.0065424936
3131	0.0059386278
3132	0.0057499474
3133	0.006478172
3134	0.0067527965
3135	0.007266631
3136	0.008219583
3137	0.007304404
3138	0.008125959
3139	0.0074513396
3140	0.008001831
3141	0.0074047334
3142	0.008643634
3143	0.00779917
3144	0.007173571
3145	0.007686616
3146	0.0067530135
3147	0.0070326123
3148	0.0072621545
3149	0.008098248
3150	0.008492679
3151	0.00817469
3152	0.01280755
3153	0.007837863
3154	0.007409251
3155	0.008403837
3156	0.007988025
3157	0.007938443
3158	0.008521404
3159	0.0069943843
3160	0.008380053
3161	0.0064878734
3162	0.0062239766
3163	0.007358384
3164	0.0072614653
3165	0.0071766204
3166	0.008439992
3167	0.0077936994
3168	0.0065091886
3169	0.0061952216
3170	0.0059968345
3171	0.005961474
3172	0.0062920675
3173	0.0063030627
3174	0.006195398
3175	0.0066485982
3176	0.0070172194
3177	0.006871327
3178	0.010102117
3179	0.008076068
3180	0.007826216
3181	0.009269932
3182	0.007867651
3183	0.00785327
3184	0.010386082
3185	0.008043676
3186	0.007620733
3187	0.008049526
3188	0.009320621
3189	0.008466732
3190	0.0071518132
3191	0.008475304
3192	0.007839103
3193	0.00744184
3194	0.0063680755
3195	0.0067899083
3196	0.0063957274
3197	0.0061419057
3198	0.0060273046
3199	0.005815911
3200	0.0060093286
3201	0.005652814
3202	0.005548127
3203	0.0054563098
3204	0.005840282
3205	0.00538017
3206	0.00577313
3207	0.0059591
3208	0.0059273667
3209	0.0061550085
3210	0.0065433015
3211	0.006056653
3212	0.00616818
3213	0.00605716
3214	0.005983359
3215	0.0063827783
3216	0.0063774567
3217	0.006789021
3218	0.006630967
3219	0.0075989095
3220	0.007909455
3221	0.00665949
3222	0.007767915
3223	0.006881603
3224	0.0065360945
3225	0.007850062
3226	0.006714591
3227	0.0065862127
3228	0.009695612
3229	0.0065539978
3230	0.0068778004
3231	0.0063671377
3232	0.0071691624
3233	0.007060984
3234	0.008557157
3235	0.00777842
3236	0.008649755
3237	0.009664524
3238	0.009108548
3239	0.008117916
3240	0.008648761
3241	0.008112717
3242	0.006464435
3243	0.006721941
3244	0.006659773
3245	0.007855536
3246	0.010433913
3247	0.006842129
3248	0.007182344
3249	0.0067271935
3250	0.0063585406
3251	0.0064731217
3252	0.0057709888
3253	0.007787185
3254	0.006377002
3255	0.0072124233
3256	0.006799767
3257	0.00625108
3258	0.0062380647
3259	0.006070746
3260	0.006223595
3261	0.0058817538
3262	0.0061038765
3263	0.0060535287
3264	0.0056961016
3265	0.005798635
3266	0.0054972842
3267	0.005348911
3268	0.004974009
3269	0.0055254614
3270	0.0050533125
3271	0.0054371203
3272	0.005768286
3273	0.0057667755
3274	0.0058940053
3275	0.0059471997
3276	0.005395352
3277	0.0055155205
3278	0.005778567
3279	0.0059185
3280	0.005981358
3281	0.0068874625
3282	0.009172697
3283	0.006823931
3284	0.0074820262
3285	0.0070654545
3286	0.006531404
3287	0.006646023
3288	0.0064019156
3289	0.005831505
3290	0.006663614
3291	0.0066803833
3292	0.0068524596
3293	0.0077899992
3294	0.008593393
3295	0.006880426
3296	0.006933327
3297	0.0061628516
3298	0.0063297767
3299	0.0063327407
3300	0.006510742
3301	0.007857953
3302	0.006242333
3303	0.0061915275
3304	0.0059056347
3305	0.005938204
3306	0.0057944222
3307	0.0056976564
3308	0.0055627273
3309	0.0059433263
3310	0.005808887
3311	0.006223269
3312	0.005994911
3313	0.0066961236
3314	0.0064775376
3315	0.0061903424
3316	0.0064405194
3317	0.006275717
3318	0.005617071
3319	0.0060054185
3320	0.0054891547
3321	0.0052405847
3322	0.005774158
3323	0.0058742827
3324	0.006223301
3325	0.009396666
3326	0.0063774614
3327	0.0058290884
3328	0.005800253
3329	0.005392369
3330	0.005255179
3331	0.005387715
3332	0.0052433806
3333	0.005431494
3334	0.0053866645
3335	0.005016037
3336	0.0049629943
3337	0.0049491776
3338	0.0052194633
3339	0.005028378
3340	0.0052678036
3341	0.0057918066
3342	0.005709723
3343	0.005473245
3344	0.005630209
3345	0.005667885
3346	0.0057092393
3347	0.0058853356
3348	0.006639536
3349	0.006015744
3350	0.006606041
3351	0.0075185397
3352	0.007579563
3353	0.0075256047
3354	0.0076600485
3355	0.008692769
3356	0.011322367
3357	0.010417847
3358	0.009066248
3359	0.007868211
3360	0.0069249286
3361	0.006889706
3362	0.0064323507
3363	0.0065277354
3364	0.0072461385
3365	0.0068809283
3366	0.0076634167
3367	0.009934084
3368	0.009038129
3369	0.0071916142
3370	0.0073044626
3371	0.0074325204
3372	0.0068228845
3373	0.006168646
3374	0.0068208817
3375	0.006173522
3376	0.0060390793
3377	0.006474098
3378	0.006142878
3379	0.006617816
3380	0.006732285
3381	0.006402313
3382	0.006318246
3383	0.0062525505
3384	0.0071670334
3385	0.0062817493
3386	0.006634478
3387	0.006659412
3388	0.0067027807
3389	0.007262898
3390	0.006977956
3391	0.0064861374
3392	0.00658739
3393	0.006482794
3394	0.0067763813
3395	0.007909801
3396	0.0068068216
3397	0.0072820904
3398	0.0069166194
3399	0.0063294107
3400	0.006429634
3401	0.0060113147
3402	0.007525995
3403	0.006548417
3404	0.0065174727
3405	0.006330633
3406	0.006624127
3407	0.006001865
3408	0.0076659583
3409	0.005857992
3410	0.0060295765
3411	0.0058879596
3412	0.006299032
3413	0.0058625964
3414	0.0063138995
3415	0.0062718927
3416	0.00578175
3417	0.0059496686
3418	0.0059162127
3419	0.006704472
3420	0.0070085106
3421	0.0062943883
3422	0.006433932
3423	0.006604344
3424	0.006419715
3425	0.005804871
3426	0.0057432484
3427	0.006359458
3428	0.0059055127
3429	0.005548772
3430	0.006222165
3431	0.00539202
3432	0.0054703443
3433	0.0051916973
3434	0.0054225544
3435	0.0054996824
3436	0.0061875423
3437	0.0060417205
3438	0.0063213278
3439	0.0064173536
3440	0.0062394636
3441	0.006627311
3442	0.0076027894
3443	0.007400929
3444	0.008220456
3445	0.0066753095
3446	0.006645374
3447	0.0061986265
3448	0.0059901173
3449	0.005709209
3450	0.0057739494
3451	0.0056704525
3452	0.0058101946
3453	0.0055295103
3454	0.0056453478
3455	0.005861475
3456	0.0056469366
3457	0.0059202095
3458	0.005547673
3459	0.0054583745
3460	0.005757007
3461	0.005697329
3462	0.0056002517
3463	0.006259219
3464	0.00578449
3465	0.0055558765
3466	0.005674892
3467	0.0058965543
3468	0.005427816
3469	0.005562486
3470	0.0053643007
3471	0.005644735
3472	0.005653429
3473	0.005938074
3474	0.006239651
3475	0.00564371
3476	0.0056048436
3477	0.005562188
3478	0.0055185845
3479	0.005519597
3480	0.005196629
3481	0.0054433867
3482	0.0057329433
3483	0.005436542
3484	0.00541964
3485	0.0055552768
3486	0.005378073
3487	0.0054393183
3488	0.005677159
3489	0.0054556103
3490	0.00577031
3491	0.0059654443
3492	0.005607172
3493	0.0055988287
3494	0.0059667863
3495	0.005834696
3496	0.005741176
3497	0.006248353
3498	0.005606697
3499	0.0055978387
3500	0.0059758173
3501	0.0058659
3502	0.005936053
3503	0.00610618
3504	0.0059934175
3505	0.00633119
3506	0.006433034
3507	0.006247296
3508	0.006648737
3509	0.0059038685
3510	0.005967913
3511	0.006013697
3512	0.00577972
3513	0.006108528
3514	0.005952632
3515	0.005620267
3516	0.005772097
3517	0.0053170817
3518	0.005120504
3519	0.0054558096
3520	0.0055954237
3521	0.0060589844
3522	0.008193633
3523	0.0066376952
3524	0.010658032
3525	0.0066729584
3526	0.006632626
3527	0.006113911
3528	0.0067332564
3529	0.0064997263
3530	0.0056541665
3531	0.005874555
3532	0.0062604034
3533	0.0063838954
3534	0.009207867
3535	0.006686258
3536	0.0067657046
3537	0.0067599956
3538	0.0069354377
3539	0.005834337
3540	0.0067513296
3541	0.005804421
3542	0.0052718464
3543	0.005363225
3544	0.005443262
3545	0.005804837
3546	0.0061086155
3547	0.0059028845
3548	0.0063053817
3549	0.0061879037
3550	0.006050227
3551	0.005891502
3552	0.005686613
3553	0.006366959
3554	0.0066044694
3555	0.007063588
3556	0.007214657
3557	0.0074033053
3558	0.0072900425
3559	0.011653377
3560	0.0066249203
3561	0.0067358525
3562	0.0066368086
3563	0.0059438017
3564	0.006104983
3565	0.0056342455
3566	0.005396151
3567	0.0058097728
3568	0.0057023703
3569	0.005707642
3570	0.006148665
3571	0.0059843673
3572	0.0061989273
3573	0.005822568
3574	0.0054155197
3575	0.005677061
3576	0.005381438
3577	0.005567085
3578	0.005775774
3579	0.0058603096
3580	0.0055154143
3581	0.005231138
3582	0.0052180346
3583	0.005292708
3584	0.0051179985
3585	0.005049089
3586	0.0056948992
3587	0.0051795496
3588	0.0051764795
3589	0.0055760876
3590	0.0052996064
3591	0.005424234
3592	0.005565531
3593	0.0058386363
3594	0.005748247
3595	0.0056164996
3596	0.0054261065
3597	0.0057117245
3598	0.005559734
3599	0.005851088
3600	0.0056453804
3601	0.0058075543
3602	0.0060597793
3603	0.005879428
3604	0.005914958
3605	0.005882725
3606	0.0058648237
3607	0.0061771898
3608	0.006005531
3609	0.006328622
3610	0.006073674
3611	0.00598363
3612	0.0061402246
3613	0.0060266564
3614	0.006071484
3615	0.006473897
3616	0.0056924126
3617	0.0057849763
3618	0.0059495857
3619	0.0056101223
3620	0.0058710217
3621	0.005649953
3622	0.005645523
3623	0.00540285
3624	0.0056238063
3625	0.005639636
3626	0.0055248123
3627	0.00556656
3628	0.005615598
3629	0.0055380706
3630	0.0057891314
3631	0.005722229
3632	0.005763889
3633	0.006072377
3634	0.0057592955
3635	0.005571457
3636	0.005588448
3637	0.0057230853
3638	0.0056412863
3639	0.005752679
3640	0.005631416
3641	0.0054929517
3642	0.005400249
3643	0.005330069
3644	0.005269695
3645	0.00540353
3646	0.0054650777
3647	0.0054833395
3648	0.005304183
3649	0.0054313093
3650	0.0053002285
3651	0.005108876
3652	0.005377249
3653	0.005396232
3654	0.0056109675
3655	0.0056400844
3656	0.0060249995
3657	0.00596328
3658	0.0062301196
3659	0.005837406
3660	0.0056482577
3661	0.005643814
3662	0.0053969324
3663	0.0055679735
3664	0.005484759
3665	0.0056011723
3666	0.005719755
3667	0.005836398
3668	0.005789418
3669	0.005550512
3670	0.006276021
3671	0.005442322
3672	0.0058688796
3673	0.0063914303
3674	0.006228392
3675	0.00619419
3676	0.0072867996
3677	0.0060393456
3678	0.005893347
3679	0.0057135355
3680	0.0059435777
3681	0.005752192
3682	0.0056781517
3683	0.0058428226
3684	0.006412303
3685	0.0060241064
3686	0.006166679
3687	0.0058304006
3688	0.006117355
3689	0.0057602776
3690	0.0058165467
3691	0.0063453894
3692	0.0061626243
3693	0.0060414593
3694	0.006075694
3695	0.005634727
3696	0.005759295
3697	0.005431786
3698	0.0054177856
3699	0.0054999413
3700	0.0056058294
3701	0.005713418
3702	0.0060210126
3703	0.0058893524
3704	0.006085701
3705	0.0060727857
3706	0.006426242
3707	0.0064983163
3708	0.0064954036
3709	0.006085904
3710	0.0056769345
3711	0.00589135
3712	0.005783232
3713	0.0053646322
3714	0.0057405625
3715	0.005742346
3716	0.0057473714
3717	0.0060105324
3718	0.0056557017
3719	0.0057914997
3720	0.005986876
3721	0.0055880668
3722	0.0060139205
3723	0.0059165857
3724	0.0057584587
3725	0.0058158794
3726	0.0059337975
3727	0.005347928
3728	0.0054075164
3729	0.0056715966
3730	0.00551928
3731	0.005805148
3732	0.006129085
3733	0.00631829
3734	0.005641094
3735	0.0057024453
3736	0.0056963144
3737	0.005840648
3738	0.005614615
3739	0.006074993
3740	0.006175518
3741	0.006627341
3742	0.0061102575
3743	0.006218016
3744	0.006177977
3745	0.007006433
3746	0.007008055
3747	0.006159502
3748	0.006312825
3749	0.0061943233
3750	0.006640035
3751	0.006041265
3752	0.0056711836
3753	0.0060573705
3754	0.0064678756
3755	0.005697219
3756	0.0053406255
3757	0.00536653
3758	0.005153872
3759	0.005286687
3760	0.0050121616
3761	0.004959897
3762	0.0049554547
3763	0.004818447
3764	0.004696628
3765	0.0047968803
3766	0.0050298357
3767	0.005124674
3768	0.00572396
3769	0.0057276133
3770	0.0059596174
3771	0.0061457334
3772	0.006319581
3773	0.0059593464
3774	0.0059709786
3775	0.00568703
3776	0.0058449833
3777	0.005508842
3778	0.0056634764
3779	0.0055686254
3780	0.0059346044
3781	0.0062697176
3782	0.005486234
3783	0.006157514
3784	0.0052085537
3785	0.0053517893
3786	0.005466054
3787	0.005302638
3788	0.005584074
3789	0.005634998
3790	0.0055911317
3791	0.005849924
3792	0.0055673206
3793	0.005664707
3794	0.0057952916
3795	0.005832308
3796	0.0058469386
3797	0.006023545
3798	0.0056373905
3799	0.0056939507
3800	0.0056120018
3801	0.0056225574
3802	0.0060141133
3803	0.0059437114
3804	0.0059381044
3805	0.006065088
3806	0.0068925386
3807	0.005796468
3808	0.0065531405
3809	0.0056721997
3810	0.005563124
3811	0.006203923
3812	0.0063171703
3813	0.007254854
3814	0.0066417484
3815	0.0066321995
3816	0.0064364756
3817	0.0063366536
3818	0.006784343
3819	0.0057703657
3820	0.0061211456
3821	0.006256697
3822	0.0063746218
3823	0.0062902435
3824	0.0067509674
3825	0.0067032096
3826	0.006818113
3827	0.006688246
3828	0.008385863
3829	0.007165651
3830	0.0080594
3831	0.008826671
3832	0.0077799344
3833	0.0068402537
3834	0.007007342
3835	0.0064427075
3836	0.006289634
3837	0.006224715
3838	0.0064587547
3839	0.006139312
3840	0.006444553
3841	0.0065543437
3842	0.0063940133
3843	0.0065631634
3844	0.006430318
3845	0.006347033
3846	0.0061901137
3847	0.0060321344
3848	0.0059233317
3849	0.005575295
3850	0.0062921853
3851	0.0061433967
3852	0.006376113
3853	0.006396907
3854	0.00629258
3855	0.0066554416
3856	0.006051682
3857	0.0059231156
3858	0.0060663456
3859	0.0061095394
3860	0.0058736987
3861	0.0057849092
3862	0.005957062
3863	0.0059735784
3864	0.005838694
3865	0.0059191976
3866	0.005909222
3867	0.005927301
3868	0.006398042
3869	0.006393629
3870	0.007227649
3871	0.006952673
3872	0.007982061
3873	0.0074951584
3874	0.007965678
3875	0.007387018
3876	0.007117505
3877	0.006818
3878	0.009165785
3879	0.0073415227
3880	0.007776375
3881	0.009378362
3882	0.009455563
3883	0.009432647
3884	0.012911711
3885	0.009541357
3886	0.009644579
3887	0.010621173
3888	0.009776947
3889	0.009833053
3890	0.010649342
3891	0.008910285
3892	0.008406205
3893	0.008753502
3894	0.008647542
3895	0.00885066
3896	0.0095917
3897	0.010075109
3898	0.010160424
3899	0.009326901
3900	0.009129834
3901	0.008208796
3902	0.007713951
3903	0.007815689
3904	0.0081583345
3905	0.008214965
3906	0.0080798855
3907	0.008330136
3908	0.0076951496
3909	0.007811658
3910	0.007640075
3911	0.0073883603
3912	0.007445152
3913	0.0077961753
3914	0.007586426
3915	0.008207736
3916	0.009518728
3917	0.009160893
3918	0.01016178
3919	0.011222679
3920	0.013377253
3921	0.010450305
3922	0.008768791
3923	0.0076480596
3924	0.006897961
3925	0.0065555945
3926	0.006569655
3927	0.0058730426
3928	0.005750051
3929	0.006254179
3930	0.0067594247
3931	0.005668167
3932	0.0055971965
3933	0.005285778
3934	0.0053677275
3935	0.0054967767
3936	0.005354273
3937	0.0053449553
3938	0.0054055075
3939	0.0057529854
3940	0.005587413
3941	0.005876635
3942	0.0055366736
3943	0.005680552
3944	0.0058162194
3945	0.0057478705
3946	0.006065024
3947	0.005725968
3948	0.0056597674
3949	0.005919315
3950	0.00547597
3951	0.0057117273
3952	0.005511457
3953	0.005596056
3954	0.0054601263
3955	0.00550605
3956	0.0059340703
3957	0.0058598015
3958	0.00616255
3959	0.0063831853
3960	0.0061028996
3961	0.0062737484
3962	0.006094156
3963	0.0058911303
3964	0.0060425876
3965	0.0055077802
3966	0.006025578
3967	0.0064833667
3968	0.0063456856
3969	0.006231791
3970	0.0065036644
3971	0.0061971163
3972	0.006646838
3973	0.0062656403
3974	0.0059662797
3975	0.006166847
3976	0.006018966
3977	0.0063146083
3978	0.0061421045
3979	0.0066522835
3980	0.0068072425
3981	0.005959091
3982	0.006540997
3983	0.006414379
3984	0.006140661
3985	0.006177014
3986	0.0063312417
3987	0.0063660094
3988	0.006468028
3989	0.006338901
3990	0.0068144323
3991	0.006387471
3992	0.006529535
3993	0.0064887004
3994	0.0064332583
3995	0.0065219244
3996	0.006144244
3997	0.00603469
3998	0.006105505
3999	0.006336773
4000	0.006378675
4001	0.00612734
4002	0.0061856755
4003	0.0064763874
4004	0.0063919444
4005	0.0066000833
4006	0.0065811807
4007	0.006405765
4008	0.006449179
4009	0.005885967
4010	0.00635951
4011	0.006495175
4012	0.006865785
4013	0.006854047
4014	0.007539611
4015	0.0072579356
4016	0.006471653
4017	0.0058282474
4018	0.0057575307
4019	0.0055831997
4020	0.005790575
4021	0.0058325063
4022	0.0061008707
4023	0.006621361
4024	0.006021398
4025	0.007267997
4026	0.0059606023
4027	0.006774819
4028	0.007088068
4029	0.007786517
4030	0.008836292
4031	0.007715294
4032	0.0066890754
4033	0.006744734
4034	0.0060652606
4035	0.0056537706
4036	0.0057108565
4037	0.0056134365
4038	0.0054758647
4039	0.0053582108
4040	0.005535054
4041	0.005692301
4042	0.0056794677
4043	0.005731537
4044	0.0058889594
4045	0.0059522074
4046	0.0061191423
4047	0.0058767525
4048	0.005804365
4049	0.005617656
4050	0.005496839
4051	0.00545864
4052	0.005218671
4053	0.0052809143
4054	0.005552206
4055	0.0054872883
4056	0.0058811633
4057	0.006017283
4058	0.006803551
4059	0.0069704726
4060	0.006858341
4061	0.006673256
4062	0.0064537963
4063	0.006245114
4064	0.005833806
4065	0.005647566
4066	0.0062351567
4067	0.0061006728
4068	0.008521054
4069	0.0070459116
4070	0.008250845
4071	0.0069511198
4072	0.0070397602
4073	0.0064999163
4074	0.006918598
4075	0.005729958
4076	0.0053582517
4077	0.0059564784
4078	0.0058999024
4079	0.0059485687
4080	0.0065276967
4081	0.0068019917
4082	0.0071015228
4083	0.006481525
4084	0.006519377
4085	0.0069926744
4086	0.006807996
4087	0.006945843
4088	0.006539122
4089	0.006589598
4090	0.0070075337
4091	0.0063802386
4092	0.0063647274
4093	0.006154334
4094	0.006047277
4095	0.006194437
4096	0.005925932
4097	0.005722763
4098	0.005595844
4099	0.0057963957
4100	0.005665717
4101	0.0058152853
4102	0.0054450836
4103	0.005565878
4104	0.00550488
4105	0.0057990337
4106	0.0056348294
4107	0.005685548
4108	0.0056400653
4109	0.005808778
4110	0.0057854466
4111	0.005727605
4112	0.005505647
4113	0.0057661603
4114	0.0054130508
4115	0.005971738
4116	0.005508667
4117	0.005464711
4118	0.006055747
4119	0.005760013
4120	0.0068399333
4121	0.006055386
4122	0.006180337
4123	0.0059560784
4124	0.0057301093
4125	0.005658291
4126	0.0054350644
4127	0.005971302
4128	0.006131835
4129	0.0061462885
4130	0.005638611
4131	0.0055730194
4132	0.005631334
4133	0.0056807767
4134	0.0055146683
4135	0.005892854
4136	0.0058418037
4137	0.005424115
4138	0.0059555117
4139	0.0061975536
4140	0.006592068
4141	0.0067252414
4142	0.0068487376
4143	0.008847194
4144	0.006835784
4145	0.006535167
4146	0.006653655
4147	0.0067808237
4148	0.0075367307
4149	0.0067141503
4150	0.007011341
4151	0.006190153
4152	0.0061830776
4153	0.005863766
4154	0.006084632
4155	0.0056896796
4156	0.005878694
4157	0.006021195
4158	0.00664244
4159	0.005991047
4160	0.0063933134
4161	0.0060174903
4162	0.005877336
4163	0.0059905844
4164	0.0060591414
4165	0.0058121383
4166	0.0060121655
4167	0.0057858
4168	0.006784342
4169	0.0061814394
4170	0.0065798764
4171	0.0075126598
4172	0.007005142
4173	0.0065132137
4174	0.0076297815
4175	0.007841023
4176	0.007016803
4177	0.0075190347
4178	0.007999456
4179	0.0067987693
4180	0.0070489915
4181	0.006547125
4182	0.0062489053
4183	0.0063499315
4184	0.0065377136
4185	0.006160178
4186	0.00584893
4187	0.006516323
4188	0.0064207735
4189	0.006210421
4190	0.0060111783
4191	0.005953658
4192	0.005832913
4193	0.0058852127
4194	0.0061269714
4195	0.005540668
4196	0.0055386443
4197	0.0064671254
4198	0.0057512103
4199	0.0057471683
4200	0.006175343
4201	0.005739785
4202	0.0056719244
4203	0.0057245903
4204	0.0052855383
4205	0.005453602
4206	0.005859206
4207	0.0057684886
4208	0.0050893463
4209	0.00524343
4210	0.005290995
4211	0.0054102642
4212	0.0053975745
4213	0.0052902536
4214	0.0054305596
4215	0.005675623
4216	0.005625222
4217	0.00549958
4218	0.0055796355
4219	0.0058102105
4220	0.005337032
4221	0.0059499396
4222	0.0056882733
4223	0.005656072
4224	0.0056469366
4225	0.005623335
4226	0.005563941
4227	0.005350163
4228	0.005630101
4229	0.0061312607
4230	0.006835659
4231	0.007985348
4232	0.007828238
4233	0.010792842
4234	0.010200042
4235	0.0058930423
