	0
0	0.003205432
1	0.004581086
2	0.0049301297
3	0.005431979
4	0.0050938344
5	0.0048454315
6	0.0049570687
7	0.0056002317
8	0.006277656
9	0.0074786376
10	0.0067514246
11	0.0070082033
12	0.0071686874
13	0.0065910527
14	0.006358058
15	0.005877022
16	0.0056252433
17	0.005532151
18	0.005306519
19	0.00551238
20	0.0055528875
21	0.0059166383
22	0.0068063596
23	0.00621242
24	0.005836374
25	0.0061521865
26	0.00619681
27	0.006243087
28	0.0065937745
29	0.0066813505
30	0.0069090268
31	0.006424547
32	0.0069474485
33	0.0070723724
34	0.0071316715
35	0.0069835335
36	0.00704432
37	0.0068041016
38	0.007127408
39	0.007062871
40	0.0072151315
41	0.006411819
42	0.006780464
43	0.006579781
44	0.0066982945
45	0.0069014397
46	0.0066766613
47	0.007109871
48	0.006962809
49	0.006700969
50	0.006620853
51	0.0067864107
52	0.0067617125
53	0.0067638867
54	0.0064238226
55	0.0062415474
56	0.006079411
57	0.0060190717
58	0.006160355
59	0.00618024
60	0.007991573
61	0.007192524
62	0.0068933507
63	0.0070746085
64	0.006337712
65	0.0064237523
66	0.006389619
67	0.0064045475
68	0.0066179326
69	0.00644355
70	0.006421256
71	0.006383051
72	0.0064004553
73	0.0060953093
74	0.0061589656
75	0.0060341894
76	0.006194303
77	0.005943983
78	0.0059817494
79	0.006096187
80	0.0066173216
81	0.006569133
82	0.0066024074
83	0.0066291546
84	0.0066088643
85	0.0063699074
86	0.0067450367
87	0.0063420977
88	0.0065351212
89	0.006157615
90	0.0065744286
91	0.006191084
92	0.006552512
93	0.0067594997
94	0.0064350907
95	0.006677146
96	0.006417511
97	0.006483899
98	0.0063965674
99	0.0067288494
100	0.0065557887
101	0.006181681
102	0.0062097562
103	0.0077837454
104	0.006254536
105	0.006256461
106	0.006264354
107	0.0061998386
108	0.0065606628
109	0.006536792
110	0.0069267442
111	0.0065808585
112	0.0071861763
113	0.006843458
114	0.0066533014
115	0.006210613
116	0.005957634
117	0.006131295
118	0.006071101
119	0.006013627
120	0.006040495
121	0.006299029
122	0.005978492
123	0.0064368574
124	0.006208307
125	0.006491442
126	0.0065462403
127	0.0066717826
128	0.006892598
129	0.0064114025
130	0.0061467234
131	0.0065300073
132	0.006393133
133	0.0060473876
134	0.006235552
135	0.006085624
136	0.0064051044
137	0.006507328
138	0.0064330534
139	0.0066881506
140	0.0065735155
141	0.0060338513
142	0.0060998215
143	0.0067126406
144	0.0054235053
145	0.005264028
146	0.005939832
147	0.0051248865
148	0.005197735
149	0.0049316976
150	0.0050385282
151	0.00482336
152	0.0048942324
153	0.004876611
154	0.00468969
155	0.004976251
156	0.0050556413
157	0.0049063414
158	0.005110947
159	0.0050552455
160	0.005430844
161	0.005223128
162	0.005184811
163	0.0053530615
164	0.005204564
165	0.005480901
166	0.005181226
167	0.005258638
168	0.0053450484
169	0.0052652666
170	0.00492032
171	0.0051881196
172	0.005365351
173	0.0051503163
174	0.0049189813
175	0.005292305
176	0.005293541
177	0.0050089066
178	0.005408208
179	0.0051428326
180	0.0051660324
181	0.0050333645
182	0.0052936887
183	0.0053261435
184	0.005245743
185	0.0051864972
186	0.0052224426
187	0.005464443
188	0.0056400187
189	0.0056692124
190	0.008162186
191	0.007809464
192	0.0072325766
193	0.008718473
194	0.0063030096
195	0.0077140424
196	0.0075265756
197	0.006562546
198	0.005782427
199	0.0057599675
200	0.005701054
201	0.0058602253
202	0.006366518
203	0.0066255126
204	0.0067604706
205	0.006594058
206	0.0065970877
207	0.0059694014
208	0.0062521286
209	0.0064580487
210	0.007045416
211	0.0065114573
212	0.0068417965
213	0.0072613135
214	0.008084925
215	0.008220328
216	0.0070194025
217	0.0067231497
218	0.006763377
219	0.00769041
220	0.00801363
221	0.0077673895
222	0.0140488
223	0.0076173022
224	0.007507515
225	0.006692492
226	0.0061594523
227	0.0059292205
228	0.0056763254
229	0.005573934
230	0.0056486353
231	0.008014677
232	0.006086371
233	0.0062248395
234	0.006600756
235	0.0069121234
236	0.008840755
237	0.0069242716
238	0.0067255385
239	0.0067313025
240	0.0063880766
241	0.006348972
242	0.0063524977
243	0.006170959
244	0.006137189
245	0.006496282
246	0.006415777
247	0.0061438964
248	0.0059490306
249	0.0061651785
250	0.005843403
251	0.0058792555
252	0.005957413
253	0.0058283787
254	0.0059753065
255	0.0054931426
256	0.0056797788
257	0.005099601
258	0.005304654
259	0.005020549
260	0.0054015517
261	0.0056937975
262	0.006382668
263	0.0075600664
264	0.0073221335
265	0.007315986
266	0.01120102
267	0.007483783
268	0.0070519624
269	0.0064123953
270	0.005888286
271	0.005882729
272	0.005564832
273	0.006356527
274	0.0068358188
275	0.006133536
276	0.006325312
277	0.0058041923
278	0.005599563
279	0.005350073
280	0.0061062365
281	0.0053772335
282	0.005568017
283	0.0053694854
284	0.0052575544
285	0.005659424
286	0.0052612997
287	0.0058778347
288	0.0053957873
289	0.005670559
290	0.0056413845
291	0.006146129
292	0.006657417
293	0.005980742
294	0.006554113
295	0.0055661965
296	0.006296126
297	0.0057345466
298	0.0061693625
299	0.0056121843
300	0.005623757
301	0.0055261776
302	0.0055720787
303	0.005362361
304	0.0051866462
305	0.0055000335
306	0.005314282
307	0.0053182663
308	0.005318431
309	0.005530322
310	0.0056030015
311	0.0058396175
312	0.005680126
313	0.0061863633
314	0.005799815
315	0.0065522417
316	0.006077692
317	0.006529736
318	0.008787806
319	0.0066123223
320	0.0064874366
321	0.006088284
322	0.005858194
323	0.0056754462
324	0.0056111272
325	0.0057260077
326	0.005274933
327	0.0057626897
328	0.005468693
329	0.005962126
330	0.008047897
331	0.0062571056
332	0.0065794997
333	0.006463851
334	0.0058249054
335	0.0063580056
336	0.006231089
337	0.0060085086
338	0.006108962
339	0.0056137056
340	0.00629382
341	0.005768803
342	0.0077374927
343	0.005874156
344	0.0057583135
345	0.0055568875
346	0.0059310296
347	0.005506912
348	0.005541497
349	0.0059918966
350	0.0052745603
351	0.005794814
352	0.006212264
353	0.0064406996
354	0.0071642296
355	0.0069236592
356	0.006907919
357	0.0064108362
358	0.0063442644
359	0.005984511
360	0.00626121
361	0.0061499835
362	0.0059291786
363	0.0062062345
364	0.0060309656
365	0.0075519513
366	0.0059632002
367	0.006040236
368	0.005537539
369	0.005004856
370	0.0050139814
371	0.0047464287
372	0.0051124445
373	0.005312282
374	0.005287583
375	0.0051849433
376	0.0049850703
377	0.004911271
378	0.0053406097
379	0.0049071787
380	0.005263758
381	0.005486641
382	0.006413173
383	0.0065180277
384	0.007661759
385	0.0066887783
386	0.008246392
387	0.0070055868
388	0.006381898
389	0.005807601
390	0.005627921
391	0.0055335714
392	0.00521746
393	0.0052471794
394	0.0050761043
395	0.005029639
396	0.0048646545
397	0.005190799
398	0.0051033404
399	0.005284843
400	0.005328217
401	0.0053016855
402	0.0052063707
403	0.005217353
404	0.0051586255
405	0.0055782013
406	0.0054251365
407	0.0055723093
408	0.0054270737
409	0.0059843734
410	0.005969169
411	0.006070406
412	0.006179427
413	0.006312967
414	0.0071777105
415	0.007765989
416	0.008623427
417	0.00886189
418	0.010170083
419	0.008658685
420	0.0064659724
421	0.006080577
422	0.0059314277
423	0.0055466276
424	0.005444956
425	0.0056004985
426	0.00524549
427	0.0059505147
428	0.005835795
429	0.0058927583
430	0.0054497197
431	0.00575153
432	0.0073077762
433	0.0053973775
434	0.0053774817
435	0.0054724463
436	0.0050559975
437	0.005374373
438	0.005439505
439	0.005467667
440	0.005897168
441	0.006329601
442	0.0064955996
443	0.008488851
444	0.006822738
445	0.010975415
446	0.0066837687
447	0.0059944303
448	0.005711846
449	0.0053154035
450	0.004913593
451	0.0045635025
452	0.004666978
453	0.0048722867
454	0.0052945237
455	0.006483885
456	0.006640344
457	0.0057800934
458	0.0056045726
459	0.0059290556
460	0.006164831
461	0.0054750685
462	0.005249437
463	0.005996557
464	0.005713369
465	0.008745549
466	0.005994751
467	0.0058763763
468	0.005450414
469	0.005166713
470	0.005175938
471	0.0055690305
472	0.005321675
473	0.005564354
474	0.006640857
475	0.0058062514
476	0.0055403123
477	0.005222439
478	0.0052181105
479	0.004876633
480	0.005499891
481	0.005271782
482	0.005129315
483	0.00578604
484	0.005126043
485	0.0051908717
486	0.005523054
487	0.005369614
488	0.005291121
489	0.0052372487
490	0.005086163
491	0.005103281
492	0.004853293
493	0.0051383213
494	0.0050558452
495	0.005288902
496	0.005634442
497	0.0056158374
498	0.0053868545
499	0.0059152236
500	0.0054753534
501	0.0059179273
502	0.005335452
503	0.00549456
504	0.005420776
505	0.0052591767
506	0.0055936924
507	0.007583338
508	0.005830415
509	0.006203622
510	0.005438216
511	0.0053132875
512	0.0052643316
513	0.005174401
514	0.005027177
515	0.005136992
516	0.005109797
517	0.006220741
518	0.0058031194
519	0.0056121214
520	0.005885688
521	0.005458735
522	0.0053324904
523	0.00524503
524	0.0051613413
525	0.0050349683
526	0.004999943
527	0.0051348275
528	0.0047528427
529	0.004706855
530	0.0048939865
531	0.004900806
532	0.0050613238
533	0.0052193226
534	0.0051847724
535	0.005024938
536	0.0050205323
537	0.004998975
538	0.00497799
539	0.0051740305
540	0.0049969694
541	0.005107256
542	0.0066458187
543	0.0058883466
544	0.0067804805
545	0.006027241
546	0.007095226
547	0.006370522
548	0.0057564275
549	0.005916748
550	0.0066701616
551	0.0057635424
552	0.005809362
553	0.0063378094
554	0.006798137
555	0.005993597
556	0.0067340885
557	0.005587315
558	0.0056928685
559	0.0053802393
560	0.005248161
561	0.004924208
562	0.004866067
563	0.0048808465
564	0.0045460314
565	0.0050090817
566	0.004926536
567	0.0048251012
568	0.0049484298
569	0.005144259
570	0.0050505064
571	0.0050084805
572	0.005194734
573	0.0052369745
574	0.005685241
575	0.005452714
576	0.0065472187
577	0.0059540956
578	0.00599526
579	0.005786673
580	0.005768772
581	0.0057675294
582	0.0051081954
583	0.0053894394
584	0.0048345686
585	0.005577173
586	0.005658659
587	0.006254197
588	0.005953444
589	0.0052603134
590	0.0056171296
591	0.0052089803
592	0.005483892
593	0.0055543827
594	0.007041408
595	0.0062680263
596	0.0073126396
597	0.0061057345
598	0.007607564
599	0.0059592775
600	0.0061181867
601	0.0055200686
602	0.005105991
603	0.0048897974
604	0.0044447617
605	0.004427689
606	0.0043174885
607	0.004458053
608	0.0049911113
609	0.0049532233
610	0.005173606
611	0.005426582
612	0.0053116325
613	0.0050949175
614	0.0052720746
615	0.005329759
616	0.005405696
617	0.005251773
618	0.0050901813
619	0.0048518404
620	0.004705088
621	0.0047455784
622	0.004799939
623	0.0047394736
624	0.0048535904
625	0.0050987843
626	0.0050597647
627	0.00539373
628	0.0054130396
629	0.006271847
630	0.0067051942
631	0.0075956257
632	0.0076653874
633	0.0074386597
634	0.0063996324
635	0.005876212
636	0.0053406474
637	0.0050668754
638	0.0048115123
639	0.004686365
640	0.004535256
641	0.0050716773
642	0.0046881246
643	0.005016776
644	0.004950081
645	0.0052452553
646	0.005418917
647	0.005173903
648	0.005287018
649	0.0049731894
650	0.004985771
651	0.0050206226
652	0.0052792616
653	0.0052781776
654	0.0052763764
655	0.0053971484
656	0.0051992796
657	0.0051812944
658	0.0050617214
659	0.004842813
660	0.005005449
661	0.005048258
662	0.004929795
663	0.0051751193
664	0.0051848544
665	0.0049518524
666	0.0050837686
667	0.0050076167
668	0.0048464364
669	0.0046892148
670	0.0050700875
671	0.0050015673
672	0.005028421
673	0.005114511
674	0.0048234975
675	0.005142756
676	0.0047431905
677	0.0047285613
678	0.005015452
679	0.004883155
680	0.00508376
681	0.0049677575
682	0.004823018
683	0.004926023
684	0.0049237357
685	0.0049599195
686	0.0049903993
687	0.0048033507
688	0.005017903
689	0.0051231068
690	0.0052888943
691	0.0050444817
692	0.005224116
693	0.004851942
694	0.0050944956
695	0.005236677
696	0.0051223286
697	0.0050692945
698	0.0050528673
699	0.005102226
700	0.004736279
701	0.004708972
702	0.004784434
703	0.0048806737
704	0.0049652085
705	0.006070704
706	0.0051749833
707	0.0050901547
708	0.0052016852
709	0.0051293974
710	0.0054906923
711	0.005201871
712	0.0051738704
713	0.0052451817
714	0.0049513355
715	0.0053534503
716	0.005622563
717	0.006114994
718	0.006637781
719	0.0063210903
720	0.006622374
721	0.0068250634
722	0.0072337044
723	0.0067923437
724	0.007110052
725	0.00662561
726	0.0068404404
727	0.0068845684
728	0.0066574025
729	0.009681271
730	0.006248827
731	0.006256896
732	0.0055258367
733	0.0053727166
734	0.0051643085
735	0.005333686
736	0.005569434
737	0.006049959
738	0.0057944343
739	0.005672071
740	0.0056740902
741	0.0055741277
742	0.0057075094
743	0.00564953
744	0.0056153694
745	0.0057038823
746	0.005683558
747	0.0053476123
748	0.0056500672
749	0.0055485666
750	0.0057397187
751	0.00600029
752	0.0060100025
753	0.006129454
754	0.0052513294
755	0.005242504
756	0.005473937
757	0.0056114923
758	0.005263256
759	0.005639944
760	0.0065506566
761	0.0052045956
762	0.0052528214
763	0.004793576
764	0.004874848
765	0.0053552976
766	0.0056029875
767	0.0055636973
768	0.005944149
769	0.006265054
770	0.0062137228
771	0.0068706525
772	0.0062643457
773	0.005296883
774	0.0051125064
775	0.005951338
776	0.0050500254
777	0.005253637
778	0.004740135
779	0.004679768
780	0.0050229826
781	0.0049692355
782	0.0050276276
783	0.005074025
784	0.005070892
785	0.0054399907
786	0.0056157117
787	0.0055950433
788	0.0054068705
789	0.0054774177
790	0.0055804737
791	0.00589306
792	0.005170159
793	0.0052035786
794	0.0053292583
795	0.0049526924
796	0.005010625
797	0.0049081407
798	0.004959612
799	0.0047239815
800	0.0047549466
801	0.0050566695
802	0.004984558
803	0.004931613
804	0.004905291
805	0.005055773
806	0.0051718233
807	0.0047699464
808	0.0047963588
809	0.0046422705
810	0.0045957398
811	0.004931843
812	0.0050236834
813	0.005565283
814	0.0070756087
815	0.00627159
816	0.0061534517
817	0.0076245666
818	0.0059140883
819	0.0058332826
820	0.005841602
821	0.005516121
822	0.0051682238
823	0.004946288
824	0.0053547737
825	0.004845942
826	0.0049415655
827	0.004777729
828	0.0046733115
829	0.004950285
830	0.0047230665
831	0.00455554
832	0.004800483
833	0.004633097
834	0.005082204
835	0.0053084004
836	0.0047850236
837	0.005038183
838	0.0050315186
839	0.0054538185
840	0.005305922
841	0.007528236
842	0.005949937
843	0.006466971
844	0.006054666
845	0.0062258425
846	0.0057732286
847	0.0055524586
848	0.0050368384
849	0.0054883747
850	0.005701574
851	0.0054847198
852	0.007326519
853	0.0065428726
854	0.006687008
855	0.005875877
856	0.0058228616
857	0.005618505
858	0.0053308755
859	0.0049879123
860	0.0050655426
861	0.0051785214
862	0.005427472
863	0.0054033054
864	0.0052970517
865	0.0056775813
866	0.0059397398
867	0.006340516
868	0.0066962996
869	0.0060114823
870	0.006156803
871	0.0057810405
872	0.006820485
873	0.005616281
874	0.005462981
875	0.0053999363
876	0.0048674373
877	0.005021459
878	0.0044115437
879	0.004659255
880	0.004920411
881	0.004989937
882	0.0048825475
883	0.005175872
884	0.0051266444
885	0.005248798
886	0.0059869736
887	0.0055479496
888	0.00517431
889	0.005718614
890	0.0055185794
891	0.0054113064
892	0.00515324
893	0.005321255
894	0.0049952483
895	0.0059264535
896	0.005286108
897	0.0064185346
898	0.005196633
899	0.005261265
900	0.0051483167
901	0.0049764784
902	0.005237134
903	0.004811934
904	0.0051552
905	0.004954477
906	0.005000399
907	0.004775
908	0.005033266
909	0.00496699
910	0.005011864
911	0.00524523
912	0.005047597
913	0.0053113885
914	0.005391919
915	0.0052770292
916	0.005012076
917	0.004992919
918	0.005220413
919	0.005273912
920	0.0054364293
921	0.005594505
922	0.0059849285
923	0.006648752
924	0.0069084014
925	0.005765464
926	0.006031464
927	0.0075404337
928	0.005779166
929	0.0057096696
930	0.0054079928
931	0.0053691734
932	0.0055415006
933	0.0052491594
934	0.0051239585
935	0.005129266
936	0.0053889304
937	0.0054671885
938	0.0053512217
939	0.0052164383
940	0.004945767
941	0.0049853423
942	0.0053629847
943	0.0053951996
944	0.00552495
945	0.0057222825
946	0.0053322036
947	0.005607477
948	0.00535502
949	0.005421192
950	0.0052445997
951	0.0055307853
952	0.005265382
953	0.0052287895
954	0.0051954063
955	0.005287762
956	0.0054148263
957	0.006575563
958	0.0058165006
959	0.007876944
960	0.005671095
961	0.0057803486
962	0.00544642
963	0.0052522235
964	0.005222536
965	0.005157246
966	0.005025371
967	0.004796674
968	0.005196471
969	0.0049917283
970	0.004875093
971	0.005236678
972	0.005348122
973	0.005347246
974	0.0053470666
975	0.005089418
976	0.004894022
977	0.004832322
978	0.0045444705
979	0.0045002317
980	0.0046744198
981	0.004580048
982	0.0046105036
983	0.004664903
984	0.004486657
985	0.0048283385
986	0.004982642
987	0.00496162
988	0.004769742
989	0.0049275486
990	0.004864281
991	0.0050222063
992	0.004916706
993	0.0047588833
994	0.004676599
995	0.004823358
996	0.004672731
997	0.004628946
998	0.0048497804
999	0.0053664367
1000	0.0053642113
1001	0.0054227165
1002	0.0052064033
1003	0.0055347397
1004	0.005269925
1005	0.0052145645
1006	0.0050213244
1007	0.0052863723
1008	0.005365262
1009	0.0054925983
1010	0.0061529283
1011	0.0057639973
1012	0.006159336
1013	0.0056365756
1014	0.00642778
1015	0.005748746
1016	0.005674391
1017	0.005279378
1018	0.005564915
1019	0.0052836565
1020	0.0053846664
1021	0.0054172613
1022	0.0058571314
1023	0.006337024
1024	0.006229058
1025	0.0063590314
1026	0.0064651435
1027	0.006915967
1028	0.0071125263
1029	0.0069783144
1030	0.006762488
1031	0.006706632
1032	0.0074478076
1033	0.0063529834
1034	0.010631269
1035	0.0064120656
1036	0.005813346
1037	0.005456182
1038	0.005523309
1039	0.0053098598
1040	0.004953974
1041	0.005309879
1042	0.005506475
1043	0.00516014
1044	0.0051198825
1045	0.0051253624
1046	0.005564657
1047	0.0053932425
1048	0.005727115
1049	0.006536735
1050	0.0059476867
1051	0.0062092897
1052	0.0068943826
1053	0.006264803
1054	0.0056020347
1055	0.005661261
1056	0.00583645
1057	0.0060272366
1058	0.006200584
1059	0.0113063175
1060	0.006736524
1061	0.0069537815
1062	0.0058102757
1063	0.005219834
1064	0.0052138017
1065	0.0050906567
1066	0.0050795963
1067	0.0052754907
1068	0.0047543533
1069	0.0047655744
1070	0.00491493
1071	0.005129735
1072	0.0049921074
1073	0.0046737688
1074	0.0045829685
1075	0.0048202556
1076	0.0050293067
1077	0.0048362627
1078	0.0050247777
1079	0.005099507
1080	0.005131091
1081	0.0050267996
1082	0.0047883084
1083	0.0046670837
1084	0.004992069
1085	0.0047293934
1086	0.0046518613
1087	0.0044290777
1088	0.004503968
1089	0.0046957764
1090	0.004665576
1091	0.005004953
1092	0.005110636
1093	0.0053406153
1094	0.0051018433
1095	0.005269289
1096	0.0058321077
1097	0.0047474224
1098	0.0052400455
1099	0.0048666634
1100	0.0050252853
1101	0.0050800713
1102	0.0051906966
1103	0.0051301625
1104	0.0051179705
1105	0.0053445715
1106	0.0050532194
1107	0.0049022315
1108	0.0046845386
1109	0.004818033
1110	0.004589431
1111	0.0044822088
1112	0.004539466
1113	0.004576407
1114	0.004709603
1115	0.0047378233
1116	0.004861478
1117	0.0048603704
1118	0.0053052455
1119	0.0050971513
1120	0.0052954033
1121	0.005058162
1122	0.0052479566
1123	0.0054561812
1124	0.0051053073
1125	0.0049587446
1126	0.0049864654
1127	0.004936533
1128	0.004711779
1129	0.0048665963
1130	0.004877695
1131	0.005080714
1132	0.0050073545
1133	0.0049466165
1134	0.005163449
1135	0.0052621216
1136	0.005033781
1137	0.0049690176
1138	0.0049865134
1139	0.0046471544
1140	0.004799692
1141	0.004833163
1142	0.004466247
1143	0.0044282787
1144	0.004549278
1145	0.004503272
1146	0.004499181
1147	0.0045983857
1148	0.0049967943
1149	0.005221308
1150	0.0051365546
1151	0.0052587213
1152	0.0051217373
1153	0.0052503096
1154	0.0053988835
1155	0.0049799476
1156	0.004884609
1157	0.0049013197
1158	0.004611573
1159	0.004565036
1160	0.00446818
1161	0.004255197
1162	0.004471598
1163	0.0045318664
1164	0.0043894537
1165	0.004369953
1166	0.00449491
1167	0.004672744
1168	0.0044093793
1169	0.0043754196
1170	0.0047050994
1171	0.0045714537
1172	0.0046572993
1173	0.0044233557
1174	0.0047276993
1175	0.004651156
1176	0.0052341158
1177	0.00491787
1178	0.0047701253
1179	0.004951142
1180	0.0048819655
1181	0.0048708003
1182	0.004957094
1183	0.0050931037
1184	0.0052395957
1185	0.0049285814
1186	0.004733314
1187	0.0048493203
1188	0.0047524236
1189	0.0049670297
1190	0.0047914553
1191	0.0048324764
1192	0.005589251
1193	0.0046678353
1194	0.004724469
1195	0.0047700433
1196	0.0045562387
1197	0.004885976
1198	0.005026116
1199	0.005088778
1200	0.005761034
1201	0.005924927
1202	0.0064680027
1203	0.0061926628
1204	0.006287491
1205	0.005681927
1206	0.0053755515
1207	0.005546459
1208	0.005482833
1209	0.005528285
1210	0.0053475974
1211	0.0053451154
1212	0.0049767834
1213	0.0049985154
1214	0.004941742
1215	0.004894691
1216	0.0055114226
1217	0.0048984885
1218	0.004851935
1219	0.0047956514
1220	0.0048561986
1221	0.004614335
1222	0.004877865
1223	0.0047408724
1224	0.004841324
1225	0.0051321276
1226	0.0046779113
1227	0.004647832
1228	0.0046654525
1229	0.0049197776
1230	0.004590731
1231	0.004947004
1232	0.004661754
1233	0.0048169214
1234	0.004774264
1235	0.004858919
1236	0.005063195
1237	0.005230426
1238	0.005575385
1239	0.0055061327
1240	0.0056996704
1241	0.0058446745
1242	0.00571047
1243	0.00570854
1244	0.00541249
1245	0.0052447207
1246	0.005230622
1247	0.004967346
1248	0.005176001
1249	0.005047057
1250	0.0051029106
1251	0.004996417
1252	0.0051587047
1253	0.0049591074
1254	0.0048960727
1255	0.0049114567
1256	0.0050174794
1257	0.0053423317
1258	0.0050179665
1259	0.005024605
1260	0.00516954
1261	0.004778331
1262	0.0049218843
1263	0.0050307866
1264	0.004463644
1265	0.00507404
1266	0.004759018
1267	0.0049928576
1268	0.005093381
1269	0.0058636945
1270	0.00629731
1271	0.0065212967
1272	0.0065410845
1273	0.006356448
1274	0.006247986
1275	0.0055503063
1276	0.0053061107
1277	0.0051611415
1278	0.004927126
1279	0.004874983
1280	0.0047505987
1281	0.004756092
1282	0.0047076354
1283	0.0046213316
1284	0.0046277503
1285	0.0051005334
1286	0.0049741324
1287	0.005203764
1288	0.005667354
1289	0.005677902
1290	0.005260078
1291	0.005137237
1292	0.00513992
1293	0.005279323
1294	0.005503425
1295	0.0055390224
1296	0.005270954
1297	0.0055013085
1298	0.00536473
1299	0.004898928
1300	0.0050933883
1301	0.005120183
1302	0.00491382
1303	0.0049660024
1304	0.005046941
1305	0.0049683615
1306	0.0049818372
1307	0.0049995044
1308	0.0049329377
1309	0.005024587
1310	0.005331075
1311	0.005284747
1312	0.0052258587
1313	0.0051673
1314	0.0052671046
1315	0.005096945
1316	0.005077567
1317	0.0049116267
1318	0.00519039
1319	0.0051872665
1320	0.005070163
1321	0.0049759364
1322	0.0052590845
1323	0.0049693966
1324	0.00518814
1325	0.0053173415
1326	0.005139558
1327	0.005175491
1328	0.005240303
1329	0.004908531
1330	0.004973257
1331	0.0047677318
1332	0.0047763055
1333	0.004895645
1334	0.0049061435
1335	0.005002945
1336	0.004772139
1337	0.0047794534
1338	0.0050886404
1339	0.0048738425
1340	0.005052723
1341	0.0053366623
1342	0.0058816606
1343	0.0064434307
1344	0.0062292223
1345	0.0076384046
1346	0.0075276205
1347	0.008520123
1348	0.010273036
1349	0.00767924
1350	0.010121288
1351	0.008200472
1352	0.006731284
1353	0.006339084
1354	0.0060640047
1355	0.005656599
1356	0.005856126
1357	0.005917537
1358	0.006108694
1359	0.0066263927
1360	0.0062475074
1361	0.0065803896
1362	0.006563166
1363	0.010181449
1364	0.0060907076
1365	0.006029766
1366	0.005635459
1367	0.005639025
1368	0.005378565
1369	0.005313901
1370	0.005151661
1371	0.0053410623
1372	0.005201594
1373	0.0052635632
1374	0.0052584647
1375	0.0051326184
1376	0.0052546645
1377	0.004903851
1378	0.005601799
1379	0.005079932
1380	0.00525893
1381	0.005287833
1382	0.005831225
1383	0.006893803
1384	0.0057932967
1385	0.0058345124
1386	0.0060698995
1387	0.005834911
1388	0.005902729
1389	0.005734831
1390	0.005899878
1391	0.005875327
1392	0.0063961
1393	0.0058603548
1394	0.00584983
1395	0.005725696
1396	0.005644
1397	0.005727981
1398	0.0058542676
1399	0.0057975613
1400	0.0057539623
1401	0.0058803083
1402	0.0059267776
1403	0.005952079
1404	0.0064181983
1405	0.006859827
1406	0.0059074825
1407	0.0057456177
1408	0.0062356787
1409	0.006894162
1410	0.007449891
1411	0.009549888
1412	0.008491339
1413	0.017678384
1414	0.008314848
1415	0.007824951
1416	0.007388573
1417	0.007122782
1418	0.0067089074
1419	0.00630158
1420	0.0067365635
1421	0.0064450633
1422	0.0061673597
1423	0.006388415
1424	0.006100772
1425	0.0060535395
1426	0.006185673
1427	0.0060293484
1428	0.006650343
1429	0.005825626
1430	0.0062440527
1431	0.005396774
1432	0.0051231002
1433	0.004889348
1434	0.0046811006
1435	0.004722085
1436	0.0050929645
1437	0.0050658947
1438	0.004878875
1439	0.0050495258
1440	0.0047959657
1441	0.004971561
1442	0.005165257
1443	0.0050526136
1444	0.0055113863
1445	0.007296227
1446	0.0050686537
1447	0.005415925
1448	0.0049574412
1449	0.0050044637
1450	0.0048913117
1451	0.004601411
1452	0.0045475587
1453	0.004849615
1454	0.004834093
1455	0.0050627952
1456	0.0052616727
1457	0.0051104957
1458	0.0052222684
1459	0.0051116236
1460	0.0055936594
1461	0.0056078425
1462	0.0050144093
1463	0.005422026
1464	0.0049535926
1465	0.0049890713
1466	0.005279888
1467	0.0053744745
1468	0.005246086
1469	0.0055698603
1470	0.0057203816
1471	0.006458779
1472	0.0070980927
1473	0.007051486
1474	0.006045126
1475	0.006980148
1476	0.0056649246
1477	0.005987053
1478	0.0055882423
1479	0.0056179715
1480	0.0062419567
1481	0.006141767
1482	0.006112934
1483	0.005941621
1484	0.006212406
1485	0.0076784343
1486	0.006335863
1487	0.007369305
1488	0.00614285
1489	0.005571885
1490	0.0054602856
1491	0.0051637096
1492	0.0049523166
1493	0.0052448823
1494	0.00490606
1495	0.004946634
1496	0.0051578474
1497	0.005237
1498	0.005401546
1499	0.005840734
1500	0.0058816294
1501	0.005900614
1502	0.006008418
1503	0.0069898274
1504	0.006353613
1505	0.006199633
1506	0.0056620613
1507	0.005159149
1508	0.0051720496
1509	0.0053325756
1510	0.0050338255
1511	0.0053021563
1512	0.0055318503
1513	0.0056318906
1514	0.0059563764
1515	0.005461009
1516	0.006129857
1517	0.005862994
1518	0.005352064
1519	0.0057976656
1520	0.005661659
1521	0.0060726227
1522	0.006431057
1523	0.0062344787
1524	0.0065840157
1525	0.0074926293
1526	0.007634775
1527	0.0070960196
1528	0.007010011
1529	0.0072588874
1530	0.006754415
1531	0.0063088983
1532	0.005860044
1533	0.0054874755
1534	0.0051017366
1535	0.0051806625
1536	0.0049993694
1537	0.004850163
1538	0.00518326
1539	0.0051634945
1540	0.0051521272
1541	0.0046026497
1542	0.004623358
1543	0.0048462264
1544	0.0049192742
1545	0.005266792
1546	0.0056216875
1547	0.006293538
1548	0.006748082
1549	0.009673383
1550	0.007042098
1551	0.007144736
1552	0.006408911
1553	0.0056645484
1554	0.005337969
1555	0.0049214363
1556	0.005170552
1557	0.0049290126
1558	0.005180889
1559	0.0054928595
1560	0.005337158
1561	0.005160354
1562	0.004932436
1563	0.0052016797
1564	0.005327245
1565	0.005060141
1566	0.005060899
1567	0.0049460083
1568	0.004854154
1569	0.004998342
1570	0.0048553823
1571	0.0046013985
1572	0.0047268327
1573	0.0048610913
1574	0.0046644164
1575	0.0047957227
1576	0.0048273783
1577	0.0048408806
1578	0.0048009064
1579	0.0046345606
1580	0.0047693094
1581	0.004712597
1582	0.004728489
1583	0.0048489766
1584	0.004971605
1585	0.005131788
1586	0.005020614
1587	0.005051919
1588	0.0053169774
1589	0.005312104
1590	0.005094147
1591	0.0050460347
1592	0.0051993076
1593	0.005082793
1594	0.0052607465
1595	0.005296884
1596	0.005253844
1597	0.0055524292
1598	0.005584489
1599	0.0049746297
1600	0.0052006813
1601	0.0054070065
1602	0.00531774
1603	0.0053317314
1604	0.005107156
1605	0.005245018
1606	0.0052559506
1607	0.005476024
1608	0.0050945412
1609	0.0053761993
1610	0.0053769313
1611	0.0055238097
1612	0.005527186
1613	0.0054072626
1614	0.00510405
1615	0.0050881384
1616	0.0050445735
1617	0.0049965004
1618	0.0049206503
1619	0.0047131632
1620	0.0049088504
1621	0.0047350368
1622	0.0048237955
1623	0.0051438473
1624	0.0050205495
1625	0.0052900473
1626	0.005410662
1627	0.0053912173
1628	0.0053933756
1629	0.005371451
1630	0.0052652927
1631	0.005498099
1632	0.005226453
1633	0.005330287
1634	0.0055066757
1635	0.0052900976
1636	0.005165454
1637	0.0048797037
1638	0.0049056793
1639	0.0052739223
1640	0.0048571983
1641	0.0052263173
1642	0.0049940683
1643	0.005263083
1644	0.005088287
1645	0.004941376
1646	0.005069917
1647	0.0048046326
1648	0.004875836
1649	0.0048589874
1650	0.004741978
1651	0.0048462097
1652	0.0047399737
1653	0.0048545385
1654	0.0050267987
1655	0.0050881486
1656	0.005274058
1657	0.0055107716
1658	0.0058197584
1659	0.005783052
1660	0.005683798
1661	0.005623915
1662	0.0053531583
1663	0.005358567
1664	0.0051569473
1665	0.0052876994
1666	0.0051744254
1667	0.00537498
1668	0.006834778
1669	0.005535868
1670	0.0082722325
1671	0.0055131777
1672	0.005175822
1673	0.00522414
1674	0.005286821
1675	0.0050628437
1676	0.005250426
1677	0.0054434966
1678	0.0052996343
1679	0.0053533083
1680	0.004939577
1681	0.0048359036
1682	0.0047014826
1683	0.0045278287
1684	0.0048952587
1685	0.0049504177
1686	0.0048174383
1687	0.004822784
1688	0.005464904
1689	0.0053063054
1690	0.005464006
1691	0.0057331193
1692	0.0051991604
1693	0.0056572757
1694	0.0055632223
1695	0.005163441
1696	0.005795275
1697	0.0052054655
1698	0.0051865354
1699	0.0053799944
1700	0.0054410174
1701	0.005503063
1702	0.005245815
1703	0.005352135
1704	0.005029274
1705	0.004832381
1706	0.004491928
1707	0.0046287384
1708	0.0044575203
1709	0.004920151
1710	0.0051280065
1711	0.0052112015
1712	0.0058340393
1713	0.005974492
1714	0.0067499485
1715	0.0072451658
1716	0.0123493355
1717	0.009078387
1718	0.008102998
1719	0.0071555832
1720	0.0061304118
1721	0.00590066
1722	0.005936738
1723	0.0055839354
1724	0.0052940603
1725	0.005101911
1726	0.005175577
1727	0.0049141534
1728	0.005299815
1729	0.0050084535
1730	0.0054275333
1731	0.005077961
1732	0.0052255304
1733	0.005379451
1734	0.0051679243
1735	0.004803011
1736	0.0049483636
1737	0.004930262
1738	0.0048716934
1739	0.0051808106
1740	0.005359899
1741	0.0054061566
1742	0.005333475
1743	0.005031767
1744	0.005527935
1745	0.0052557318
1746	0.0053578047
1747	0.0051139593
1748	0.005198084
1749	0.005125446
1750	0.005374643
1751	0.005313863
1752	0.005776697
1753	0.005427087
1754	0.006208353
1755	0.006520623
1756	0.0062921243
1757	0.006167154
1758	0.005707846
1759	0.0054821214
1760	0.005323357
1761	0.00539607
1762	0.005121776
1763	0.0054331496
1764	0.005741762
1765	0.005756291
1766	0.0054703425
1767	0.005330631
1768	0.0050776917
1769	0.005392429
1770	0.0053835167
1771	0.005261938
1772	0.005258856
1773	0.0049443105
1774	0.005053959
1775	0.005012635
1776	0.005101609
1777	0.0052978816
1778	0.0054187384
1779	0.0050469795
1780	0.005091287
1781	0.004670153
1782	0.0046652816
1783	0.005036612
1784	0.0049044145
1785	0.0059050787
1786	0.0052750017
1787	0.0058564194
1788	0.0055253617
1789	0.0057612616
1790	0.0058355676
1791	0.005553074
1792	0.005919448
1793	0.0051964326
1794	0.0052596424
1795	0.0048125177
1796	0.0048223576
1797	0.005112203
1798	0.004669301
1799	0.004740251
1800	0.004801153
1801	0.005128773
1802	0.0052008885
1803	0.004966271
1804	0.0049361787
1805	0.0058055827
1806	0.004996565
1807	0.004944884
1808	0.0056705764
1809	0.0049081454
1810	0.0054275566
1811	0.005247825
1812	0.00532156
1813	0.0054335156
1814	0.0049855653
1815	0.0050081946
1816	0.005061239
1817	0.005185039
1818	0.0051195594
1819	0.0050188936
1820	0.005073497
1821	0.0051727276
1822	0.004907824
1823	0.005142411
1824	0.004934592
1825	0.004939113
1826	0.0047843168
1827	0.005007552
1828	0.005244664
1829	0.005082367
1830	0.0051829284
1831	0.004936609
1832	0.0050037205
1833	0.0051233363
1834	0.0048534777
1835	0.0047044866
1836	0.005089868
1837	0.005087511
1838	0.005269117
1839	0.0056686355
1840	0.0052345973
1841	0.005142114
1842	0.005145071
1843	0.005280167
1844	0.0048039444
1845	0.0050541814
1846	0.00467131
1847	0.004915089
1848	0.0048016002
1849	0.004964332
1850	0.005288126
1851	0.0051261075
1852	0.005161709
1853	0.005010551
1854	0.004788471
1855	0.0049441373
1856	0.0049524885
1857	0.005176328
1858	0.0050936663
1859	0.0051035993
1860	0.0052354494
1861	0.0053959247
1862	0.0055270093
1863	0.0053262687
1864	0.0052957824
1865	0.0050428654
1866	0.0051763235
1867	0.004722897
1868	0.0047169095
1869	0.004683202
1870	0.004947258
1871	0.0047715874
1872	0.005116712
1873	0.0045539318
1874	0.0049944846
1875	0.004833565
1876	0.0046959273
1877	0.0046850545
1878	0.0047186883
1879	0.0048998934
1880	0.0048847916
1881	0.0051774476
1882	0.0048619015
1883	0.004898845
1884	0.0050430405
1885	0.0048911683
1886	0.0050412687
1887	0.0050898707
1888	0.004905453
1889	0.0051084077
1890	0.0050487313
1891	0.005261671
1892	0.0052305954
1893	0.0051583424
1894	0.005101665
1895	0.005351477
1896	0.005415297
1897	0.0051134694
1898	0.005142537
1899	0.005353353
1900	0.0051263813
1901	0.005102541
1902	0.0050535295
1903	0.004635619
1904	0.0048204316
1905	0.0050835395
1906	0.005366707
1907	0.0054050647
1908	0.0056946017
1909	0.00594316
1910	0.005753573
1911	0.0063138157
1912	0.006042689
1913	0.0055023534
1914	0.0050444575
1915	0.004840956
1916	0.0051363828
1917	0.004900411
1918	0.004862155
1919	0.004793945
1920	0.005124523
1921	0.004840402
1922	0.004977138
1923	0.0053756563
1924	0.0052478723
1925	0.0050772694
1926	0.0053970506
1927	0.004862655
1928	0.0050535374
1929	0.004942809
1930	0.0051397923
1931	0.0052068075
1932	0.0052389316
1933	0.005061118
1934	0.0051288945
1935	0.0049835956
1936	0.0054886295
1937	0.005232402
1938	0.005078763
1939	0.005251854
1940	0.0051030666
1941	0.004800694
1942	0.0048231026
1943	0.0050211567
1944	0.0048639774
1945	0.00556327
1946	0.0051864227
1947	0.005705529
1948	0.005170372
1949	0.005258903
1950	0.0050534075
1951	0.0050292867
1952	0.0048057907
1953	0.0049345517
1954	0.0048146658
1955	0.004664671
1956	0.005109746
1957	0.005116907
1958	0.0051656184
1959	0.005436217
1960	0.0054438915
1961	0.0051417733
1962	0.0054087266
1963	0.0052292156
1964	0.005365376
1965	0.0053063985
1966	0.005250938
1967	0.005796337
1968	0.0056804377
1969	0.0060121985
1970	0.005456698
1971	0.005509602
1972	0.005247932
1973	0.005229166
1974	0.0050319387
1975	0.005050077
1976	0.0048746024
1977	0.004829846
1978	0.0046251044
1979	0.0046381196
1980	0.00490643
1981	0.0049793855
1982	0.004817664
1983	0.00498509
1984	0.004825477
1985	0.00512968
1986	0.0052082874
1987	0.004969854
1988	0.0047987867
1989	0.0049965335
1990	0.005022998
1991	0.0049445913
1992	0.005319747
1993	0.0048799105
1994	0.00518292
1995	0.0052304408
1996	0.0051937606
1997	0.005636885
1998	0.0057642357
1999	0.006145986
2000	0.0062323837
2001	0.0053601163
2002	0.0055134343
2003	0.0055296835
2004	0.005653748
2005	0.0054611657
2006	0.0054556057
2007	0.005447902
2008	0.0056990604
2009	0.005469187
2010	0.0055195345
2011	0.0061641173
2012	0.0064993273
2013	0.006199345
2014	0.006127054
2015	0.0055983034
2016	0.005287097
2017	0.0052181557
2018	0.0050690277
2019	0.0049611926
2020	0.004954377
2021	0.004903494
2022	0.00490261
2023	0.0050313454
2024	0.0048988126
2025	0.0053779287
2026	0.004995146
2027	0.0049856296
2028	0.004896198
2029	0.0046404907
2030	0.0046703345
2031	0.004777557
2032	0.004903026
2033	0.004979516
2034	0.005033821
2035	0.0046883025
2036	0.0050688228
2037	0.0047737677
2038	0.0049008736
2039	0.005078951
2040	0.0049808733
2041	0.0047948966
2042	0.0051795673
2043	0.005162748
2044	0.0051316777
2045	0.0051764697
2046	0.005033294
2047	0.004884706
2048	0.005019118
2049	0.0048270915
2050	0.005210612
2051	0.0050113946
2052	0.005098298
2053	0.005037855
2054	0.0045876987
2055	0.004655772
2056	0.0045735994
2057	0.0045595877
2058	0.0050056786
2059	0.0048071207
2060	0.004785753
2061	0.0048061027
2062	0.0049106237
2063	0.0050979615
2064	0.0049358197
2065	0.005054309
2066	0.005376212
2067	0.0051395055
2068	0.0051226523
2069	0.00530738
2070	0.004935556
2071	0.0054291384
2072	0.005263189
2073	0.0055634533
2074	0.0055797067
2075	0.005407548
2076	0.0051135365
2077	0.005687871
2078	0.0055725845
2079	0.005057263
2080	0.0052510723
2081	0.0051002754
2082	0.005469665
2083	0.005680613
2084	0.0058124945
2085	0.005492644
2086	0.005166677
2087	0.005029509
2088	0.0051221615
2089	0.005086234
2090	0.0046264
2091	0.004908195
2092	0.00489483
2093	0.0049245944
2094	0.005058096
2095	0.005305226
2096	0.0057997135
2097	0.006215629
2098	0.0065872655
2099	0.010286184
2100	0.006583104
2101	0.006682234
2102	0.0066953087
2103	0.0071727275
2104	0.008342295
2105	0.008949991
2106	0.0075488966
2107	0.0065170424
2108	0.0058589573
2109	0.005342086
2110	0.0050073043
2111	0.004988481
2112	0.004889193
2113	0.005215781
2114	0.005336139
2115	0.0057500433
2116	0.005646891
2117	0.005850034
2118	0.006640995
2119	0.008896112
2120	0.006409652
2121	0.007381662
2122	0.0057598604
2123	0.004990192
2124	0.005032389
2125	0.0046620667
2126	0.0047077704
2127	0.0047309743
2128	0.0042688674
2129	0.004521544
2130	0.0044374233
2131	0.0043746214
2132	0.004374219
2133	0.004441888
2134	0.0043758345
2135	0.004751792
2136	0.004925511
2137	0.0051330514
2138	0.004970272
2139	0.0049639386
2140	0.005161633
2141	0.005091216
2142	0.0054817004
2143	0.005987417
2144	0.0076603973
2145	0.005980127
2146	0.005852866
2147	0.005448864
2148	0.005272018
2149	0.005067394
2150	0.0051111314
2151	0.004831804
2152	0.004862832
2153	0.0049833125
2154	0.005045804
2155	0.0052590277
2156	0.0056248894
2157	0.006423625
2158	0.005924291
2159	0.008950004
2160	0.0064180265
2161	0.0064505306
2162	0.0060978225
2163	0.0057297703
2164	0.0063098725
2165	0.0053541446
2166	0.0050539775
2167	0.005176797
2168	0.0050966823
2169	0.005154827
2170	0.005489278
2171	0.0053703515
2172	0.005669364
2173	0.0050737057
2174	0.0050182915
2175	0.004600797
2176	0.004941351
2177	0.004877552
2178	0.004966382
2179	0.004816042
2180	0.0049474346
2181	0.0050956965
2182	0.0053230627
2183	0.005441647
2184	0.005211618
2185	0.005035135
2186	0.0050713536
2187	0.0051678214
2188	0.0051238947
2189	0.005003954
2190	0.005268852
2191	0.005087523
2192	0.0051628784
2193	0.0051018363
2194	0.0051449137
2195	0.0051270872
2196	0.005251518
2197	0.0054004462
2198	0.005570084
2199	0.005609585
2200	0.006110561
2201	0.0058692996
2202	0.008965868
2203	0.006629796
2204	0.0055566113
2205	0.0054388326
2206	0.005364138
2207	0.0054355897
2208	0.00511563
2209	0.005092251
2210	0.0055624386
2211	0.0049541397
2212	0.0048308764
2213	0.005013362
2214	0.005335463
2215	0.0052378094
2216	0.005173023
2217	0.0057278234
2218	0.0056611267
2219	0.008032035
2220	0.0060347887
2221	0.0056152325
2222	0.005878535
2223	0.0054828213
2224	0.005542859
2225	0.0052504153
2226	0.0052695097
2227	0.00492505
2228	0.005199109
2229	0.0048285737
2230	0.005112008
2231	0.0051686442
2232	0.005201459
2233	0.0049207425
2234	0.0048021753
2235	0.005049565
2236	0.0050730584
2237	0.0049052583
2238	0.0051769605
2239	0.0050456654
2240	0.004854367
2241	0.0050925976
2242	0.005051584
2243	0.0050826212
2244	0.0052633397
2245	0.005454296
2246	0.005299875
2247	0.00535853
2248	0.0051505337
2249	0.0050911983
2250	0.004834097
2251	0.0050283843
2252	0.0049159434
2253	0.004826725
2254	0.0050844615
2255	0.0048140837
2256	0.004977306
2257	0.0050479136
2258	0.005119768
2259	0.0053844666
2260	0.0054069823
2261	0.006637752
2262	0.00574967
2263	0.006365237
2264	0.0068952725
2265	0.006480823
2266	0.00702702
2267	0.005995769
2268	0.00569602
2269	0.0061190445
2270	0.00696412
2271	0.011380658
2272	0.006747458
2273	0.006724747
2274	0.0063187573
2275	0.0059863813
2276	0.005614994
2277	0.0055170152
2278	0.00516399
2279	0.0048327576
2280	0.005222925
2281	0.0048384354
2282	0.0047506476
2283	0.0049058255
2284	0.0057094744
2285	0.005057579
2286	0.005399759
2287	0.0051123393
2288	0.0052501177
2289	0.0048864745
2290	0.004650284
2291	0.0049939095
2292	0.0050395112
2293	0.0050508585
2294	0.004842732
2295	0.0048992415
2296	0.0047625955
2297	0.005157234
2298	0.005213351
2299	0.005488835
2300	0.0053942082
2301	0.005343805
2302	0.005343196
2303	0.005141022
2304	0.0047769113
2305	0.005023313
2306	0.0047189663
2307	0.0051490236
2308	0.004898985
2309	0.0047224807
2310	0.0047610365
2311	0.0047197845
2312	0.0049839052
2313	0.005082356
2314	0.005083274
2315	0.005483436
2316	0.00517115
2317	0.0050440547
2318	0.005620739
2319	0.005541023
2320	0.0052874703
2321	0.005528206
2322	0.0053823236
2323	0.005665715
2324	0.0059287
2325	0.006039665
2326	0.0070480746
2327	0.0064219674
2328	0.0070059504
2329	0.0059062336
2330	0.0058206315
2331	0.0057409243
2332	0.0055240653
2333	0.0056005158
2334	0.005237915
2335	0.0056841644
2336	0.007549934
2337	0.006490529
2338	0.007980695
2339	0.006379164
2340	0.0062143235
2341	0.0056685475
2342	0.0052759475
2343	0.0054610395
2344	0.0058402596
2345	0.005816232
2346	0.006539827
2347	0.0061593223
2348	0.0056960364
2349	0.0069754217
2350	0.0059692157
2351	0.005328469
2352	0.0056488793
2353	0.005262562
2354	0.00498946
2355	0.0048653996
2356	0.004814285
2357	0.0049039675
2358	0.004925753
2359	0.005045969
2360	0.004785413
2361	0.0049257204
2362	0.00492338
2363	0.005997069
2364	0.0056092488
2365	0.005929416
2366	0.0062299734
2367	0.008420367
2368	0.0067889094
2369	0.0062490464
2370	0.0059352396
2371	0.005387335
2372	0.0051482907
2373	0.005143095
2374	0.0056529082
2375	0.005562908
2376	0.005499043
2377	0.0052231024
2378	0.0054796007
2379	0.0053659566
2380	0.0052432166
2381	0.0054326523
2382	0.005006021
2383	0.00494372
2384	0.005176484
2385	0.0050634313
2386	0.0049776877
2387	0.005854587
2388	0.0052659074
2389	0.0054135947
2390	0.005395295
2391	0.005373181
2392	0.0053132065
2393	0.0052040718
2394	0.005063897
2395	0.004995118
2396	0.00492164
2397	0.004331543
2398	0.0046992144
2399	0.00498062
2400	0.004911228
2401	0.004756822
2402	0.0051782685
2403	0.0048147934
2404	0.004752083
2405	0.0051225405
2406	0.0049517574
2407	0.0048155286
2408	0.004590272
2409	0.004452678
2410	0.0046922816
2411	0.0045519676
2412	0.0046752207
2413	0.004531812
2414	0.0046669673
2415	0.0047990642
2416	0.004961687
2417	0.0048601814
2418	0.005032737
2419	0.005204748
2420	0.0049997964
2421	0.005163555
2422	0.005050609
2423	0.0050663315
2424	0.0053211907
2425	0.0048139323
2426	0.0050168545
2427	0.0048291883
2428	0.0052293497
2429	0.0052385107
2430	0.0051758904
2431	0.005158739
2432	0.00493194
2433	0.0048744343
2434	0.0048861145
2435	0.0051871473
2436	0.0048500444
2437	0.0047153425
2438	0.0050145043
2439	0.00493073
2440	0.0047069215
2441	0.0047693197
2442	0.00473072
2443	0.0048165508
2444	0.004966448
2445	0.005131904
2446	0.0052519497
2447	0.0051826374
2448	0.0050245617
2449	0.0051418343
2450	0.005154053
2451	0.0050849337
2452	0.005256689
2453	0.004918013
2454	0.0050277235
2455	0.005005301
2456	0.005065481
2457	0.0048968904
2458	0.0051010875
2459	0.0051509533
2460	0.004869885
2461	0.0051317723
2462	0.004965148
2463	0.004930282
2464	0.0050222958
2465	0.004857061
2466	0.00521621
2467	0.0048204344
2468	0.0051402324
2469	0.0050819153
2470	0.004976654
2471	0.005054703
2472	0.004691053
2473	0.0047765607
2474	0.0045358287
2475	0.004372689
2476	0.0041564894
2477	0.004721692
2478	0.004836534
2479	0.0055284137
2480	0.005118138
2481	0.0050621266
2482	0.0050515216
2483	0.00506331
2484	0.0050853835
2485	0.005249728
2486	0.005357172
2487	0.0052054953
2488	0.005251393
2489	0.005307033
2490	0.0051767556
2491	0.005366532
2492	0.0056885285
2493	0.0058044745
2494	0.0054605235
2495	0.005405618
2496	0.0051669977
2497	0.0049116854
2498	0.004800881
2499	0.005083098
2500	0.0051264595
2501	0.0051211976
2502	0.0049298336
2503	0.005079886
2504	0.0053109233
2505	0.005342926
2506	0.0051136417
2507	0.005050992
2508	0.0048665064
2509	0.0045704804
2510	0.005113857
2511	0.0048230407
2512	0.0048377295
2513	0.0047413614
2514	0.004819515
2515	0.004823081
2516	0.0047963113
2517	0.00490499
2518	0.00472531
2519	0.004996562
2520	0.0049340427
2521	0.004867959
2522	0.005050859
2523	0.005604554
2524	0.0051745507
2525	0.004602124
2526	0.0053384895
2527	0.004973028
2528	0.0049029943
2529	0.0054239123
2530	0.0057313237
2531	0.005303583
2532	0.005670682
2533	0.005494144
2534	0.0061072484
2535	0.005399582
2536	0.0059424303
2537	0.0054356344
2538	0.0056998213
2539	0.0057234857
2540	0.0054030614
2541	0.0052921753
2542	0.004938055
2543	0.0051960144
2544	0.0052960785
2545	0.00510112
2546	0.004866753
2547	0.0045946394
2548	0.0043746866
2549	0.004835484
2550	0.004840578
2551	0.005023607
2552	0.0059869466
2553	0.0063191494
2554	0.006347409
2555	0.006477545
2556	0.006613419
2557	0.0070435954
2558	0.006552561
2559	0.0060997866
2560	0.0058977567
2561	0.0052989605
2562	0.0054892506
2563	0.0054166224
2564	0.0049723834
2565	0.00506019
2566	0.0052094073
2567	0.0051823566
2568	0.0049819155
2569	0.0051372815
2570	0.005197148
2571	0.005427827
2572	0.0052844323
2573	0.0055459403
2574	0.005253342
2575	0.0052887117
2576	0.0051111593
2577	0.005278699
2578	0.0053000287
2579	0.005836634
2580	0.0058647953
2581	0.0060813883
2582	0.008881782
2583	0.006195621
2584	0.005651411
2585	0.005667177
2586	0.004907507
2587	0.0047443556
2588	0.004991189
2589	0.004812762
2590	0.004922079
2591	0.005100757
2592	0.0052158507
2593	0.0051991753
2594	0.0053320057
2595	0.0062154243
2596	0.005623789
2597	0.0055864183
2598	0.0070440737
2599	0.0066573163
2600	0.0066268565
2601	0.0071204957
2602	0.008437764
2603	0.008599512
2604	0.0075677903
2605	0.006749632
2606	0.006143499
2607	0.0060181366
2608	0.005975439
2609	0.005845843
2610	0.006615432
2611	0.006224012
2612	0.006166242
2613	0.006434611
2614	0.0064483173
2615	0.006711079
2616	0.0059786066
2617	0.0067453403
2618	0.005971145
2619	0.0062971385
2620	0.005668356
2621	0.0055099903
2622	0.005604485
2623	0.0053764777
2624	0.0053106593
2625	0.005240523
2626	0.0053599495
2627	0.005266168
2628	0.0052377186
2629	0.005454757
2630	0.0053401417
2631	0.005327089
2632	0.005442675
2633	0.005107878
2634	0.0050902492
2635	0.0052410904
2636	0.005047329
2637	0.0052155354
2638	0.00505263
2639	0.005449226
2640	0.0064587593
2641	0.0064836387
2642	0.007884284
2643	0.006211319
2644	0.005791465
2645	0.0053527253
2646	0.005209896
2647	0.005139454
2648	0.005241442
2649	0.005392343
2650	0.005658912
2651	0.006127951
2652	0.008100792
2653	0.006066488
2654	0.006432942
2655	0.0059155067
2656	0.0053003626
2657	0.0050806906
2658	0.005422293
2659	0.0055572405
2660	0.007617262
2661	0.0056945654
2662	0.006190866
2663	0.0057491395
2664	0.006257575
2665	0.005891634
2666	0.0061203674
2667	0.0058691
2668	0.0063858787
2669	0.0058544395
2670	0.0059105093
2671	0.005472389
2672	0.0054784426
2673	0.0053521376
2674	0.0056081694
2675	0.0052562794
2676	0.006232541
2677	0.005232121
2678	0.0059229163
2679	0.0054454063
2680	0.0062548416
2681	0.006978537
2682	0.0069223633
2683	0.008300805
2684	0.0074854703
2685	0.006448677
2686	0.0060658925
2687	0.0063498444
2688	0.005537438
2689	0.0053729597
2690	0.005360743
2691	0.0048249243
2692	0.004873938
2693	0.004909411
2694	0.004928572
2695	0.004937705
2696	0.004695114
2697	0.005016448
2698	0.004927907
2699	0.0053095026
2700	0.00542001
2701	0.0051833885
2702	0.0050471043
2703	0.005055503
2704	0.004894467
2705	0.0048777517
2706	0.004833455
2707	0.0048811566
2708	0.0049947277
2709	0.005167488
2710	0.0055396864
2711	0.005387959
2712	0.0056279087
2713	0.00673925
2714	0.0060551967
2715	0.00614216
2716	0.0055149775
2717	0.0055095633
2718	0.00583216
2719	0.0058560134
2720	0.005725854
2721	0.005547436
2722	0.005271147
2723	0.0065598
2724	0.005318789
2725	0.004880557
2726	0.004803094
2727	0.004715536
2728	0.00460721
2729	0.0045071733
2730	0.0047012405
2731	0.004322144
2732	0.0046146507
2733	0.0047385106
2734	0.005009249
2735	0.0048974403
2736	0.0053233146
2737	0.00522101
2738	0.005273713
2739	0.0050460584
2740	0.005381968
2741	0.004955847
2742	0.005215672
2743	0.005849541
2744	0.0062053613
2745	0.006433971
2746	0.0073484965
2747	0.006895575
2748	0.0067269504
2749	0.006851052
2750	0.0058196937
2751	0.005739866
2752	0.0059517915
2753	0.00581441
2754	0.005703401
2755	0.0058130124
2756	0.0056612385
2757	0.005757356
2758	0.005374825
2759	0.0053708795
2760	0.0053976453
2761	0.005224114
2762	0.004825974
2763	0.0050606746
2764	0.00473551
2765	0.0052182456
2766	0.0050902236
2767	0.0051426105
2768	0.0049466426
2769	0.0054430645
2770	0.0056515997
2771	0.005024649
2772	0.005238726
2773	0.0053513576
2774	0.005024395
2775	0.0053835255
2776	0.006420208
2777	0.0051041446
2778	0.005485721
2779	0.0051310444
2780	0.005192319
2781	0.0050926246
2782	0.005037268
2783	0.0049821073
2784	0.005424519
2785	0.0055094194
2786	0.004936247
2787	0.0049488004
2788	0.0050708763
2789	0.0049506016
2790	0.004687899
2791	0.0049653673
2792	0.0046289004
2793	0.0050331256
2794	0.004669423
2795	0.004878644
2796	0.0051855
2797	0.0051499982
2798	0.0051892204
2799	0.005450235
2800	0.0058524264
2801	0.005846825
2802	0.0070349826
2803	0.00615756
2804	0.006410918
2805	0.006081471
2806	0.006507284
2807	0.006247148
2808	0.006137619
2809	0.0065245857
2810	0.00562736
2811	0.005661646
2812	0.005893237
2813	0.005622809
2814	0.0053802673
2815	0.005621991
2816	0.005536995
2817	0.0057614474
2818	0.005942444
2819	0.005712888
2820	0.006132826
2821	0.0060705086
2822	0.006212173
2823	0.006128626
2824	0.007277704
2825	0.0060000904
2826	0.005777544
2827	0.0063336007
2828	0.0053785704
2829	0.0054154973
2830	0.005270806
2831	0.0050369967
2832	0.004815195
2833	0.0048655504
2834	0.0049225916
2835	0.0050452747
2836	0.0048605707
2837	0.004951501
2838	0.0050196424
2839	0.00507458
2840	0.005073177
2841	0.0051694773
2842	0.005183583
2843	0.005288499
2844	0.0054540876
2845	0.005532888
2846	0.0060366094
2847	0.00566653
2848	0.005717732
2849	0.005583497
2850	0.00550183
2851	0.0051053436
2852	0.0051732613
2853	0.0049112076
2854	0.005070164
2855	0.0055082208
2856	0.004975883
2857	0.0054219686
2858	0.0062072817
2859	0.0070522474
2860	0.012763787
2861	0.007698933
2862	0.007391115
2863	0.0069660363
2864	0.0066553983
2865	0.0065436927
2866	0.005825188
2867	0.006879382
2868	0.0062089358
2869	0.00616276
2870	0.006011647
2871	0.005733796
2872	0.005439963
2873	0.005766672
2874	0.006138661
2875	0.005979224
2876	0.0083535705
2877	0.0058721565
2878	0.006103321
2879	0.005739851
2880	0.0056795133
2881	0.005429201
2882	0.0078036236
2883	0.005811068
2884	0.005824232
2885	0.0055639753
2886	0.0054498035
2887	0.005107989
2888	0.005092035
2889	0.0050106915
2890	0.0049076034
2891	0.005158172
2892	0.0052845916
2893	0.005181997
2894	0.0051889354
2895	0.0052447277
2896	0.0050760806
2897	0.0051400512
2898	0.0050752424
2899	0.005139567
2900	0.0047786008
2901	0.004742666
2902	0.0048326515
2903	0.0049887514
2904	0.005054745
2905	0.005114919
2906	0.0052403114
2907	0.005347615
2908	0.0055952463
2909	0.005440793
2910	0.0053386306
2911	0.0057684663
2912	0.0054743327
2913	0.0054066656
2914	0.005903121
2915	0.0051643485
2916	0.005330649
2917	0.0051968982
2918	0.0062920144
2919	0.0053627687
2920	0.005720189
2921	0.0054881386
2922	0.005673161
2923	0.006045046
2924	0.00531951
2925	0.0051837238
2926	0.0050543137
2927	0.005610725
2928	0.004926293
2929	0.005008314
2930	0.004760647
2931	0.0051922295
2932	0.00515017
2933	0.005487174
2934	0.005231595
2935	0.0053032683
2936	0.0051992256
2937	0.005239791
2938	0.006871268
2939	0.0051601036
2940	0.005207386
2941	0.0047788396
2942	0.0050387573
2943	0.00528622
2944	0.005253653
2945	0.005594751
2946	0.00590986
2947	0.0058119344
2948	0.006095441
2949	0.0057301
2950	0.0055430736
2951	0.0055802134
2952	0.005469008
2953	0.005740453
2954	0.006826477
2955	0.0056257565
2956	0.005625506
2957	0.0055357814
2958	0.006151467
2959	0.00562355
2960	0.00649234
2961	0.005344891
2962	0.0069182497
2963	0.0066841
2964	0.0061929263
2965	0.0062811617
2966	0.0062837033
2967	0.0063892575
2968	0.006690763
2969	0.00751849
2970	0.00859075
2971	0.008461632
2972	0.0075010657
2973	0.008538785
2974	0.008221053
2975	0.009142555
2976	0.009096725
2977	0.008306768
2978	0.009214234
2979	0.0077723013
2980	0.0075887386
2981	0.007983813
2982	0.008322589
2983	0.008344829
2984	0.0080722105
2985	0.010891199
2986	0.011562878
2987	0.010604226
2988	0.010452148
2989	0.01053496
2990	0.008720091
2991	0.0077812234
2992	0.006636921
2993	0.0062222783
2994	0.005888786
2995	0.005283842
2996	0.0052377423
2997	0.004946801
2998	0.005008623
2999	0.0047951373
3000	0.0048823794
3001	0.004753062
3002	0.004678726
3003	0.004929806
3004	0.0048707095
3005	0.005003562
3006	0.005193357
3007	0.0051000956
3008	0.005297703
3009	0.005213832
3010	0.005295473
3011	0.0052135726
3012	0.0053016227
3013	0.0048766052
3014	0.005121996
3015	0.005199633
3016	0.005169942
3017	0.005377738
3018	0.0055023544
3019	0.0064633265
3020	0.006248639
3021	0.006298249
3022	0.0073128333
3023	0.0064765634
3024	0.0060315775
3025	0.0062255887
3026	0.0061293673
3027	0.006319233
3028	0.009038233
3029	0.0067451415
3030	0.007645095
3031	0.0077608796
3032	0.008041094
3033	0.0070141377
3034	0.0069508827
3035	0.007113873
3036	0.0071517057
3037	0.0067813424
3038	0.006961278
3039	0.006359673
3040	0.0065263603
3041	0.005977514
3042	0.006849018
3043	0.006073327
3044	0.005979525
3045	0.0062899156
3046	0.0059273005
3047	0.006088729
3048	0.0058297017
3049	0.005750251
3050	0.00531031
3051	0.005506923
3052	0.005944601
3053	0.0058731306
3054	0.006758433
3055	0.0059043453
3056	0.0065687015
3057	0.006084948
3058	0.0057810983
3059	0.0058648353
3060	0.0058776876
3061	0.0066575967
3062	0.0058865556
3063	0.006044216
3064	0.006138543
3065	0.006223644
3066	0.0062289145
3067	0.006156106
3068	0.0060371086
3069	0.005682395
3070	0.005879757
3071	0.005592888
3072	0.0058028023
3073	0.0055408077
3074	0.0054279966
3075	0.0054470664
3076	0.005331763
3077	0.0052998774
3078	0.005285779
3079	0.0055410136
3080	0.0049817963
3081	0.0049922117
3082	0.0049694707
3083	0.0051274663
3084	0.0051777754
3085	0.0053084367
3086	0.0056458134
3087	0.0061901617
3088	0.005934274
3089	0.0066929385
3090	0.006214371
3091	0.008326294
3092	0.006623608
3093	0.0068242894
3094	0.0066134725
3095	0.0063598133
3096	0.006226815
3097	0.0056213303
3098	0.0057596527
3099	0.0057657477
3100	0.0056897737
3101	0.0052867047
3102	0.005512167
3103	0.00552551
3104	0.0051909937
3105	0.005257788
3106	0.0053059747
3107	0.0053659137
3108	0.005516378
3109	0.0054435916
3110	0.0055723567
3111	0.0057587605
3112	0.0057218894
3113	0.0056531886
3114	0.005647928
3115	0.005570028
3116	0.007267171
3117	0.0056380387
3118	0.005389156
3119	0.0054974
3120	0.005590724
3121	0.0057514934
3122	0.0058741476
3123	0.0054160897
3124	0.005234959
3125	0.0053438833
3126	0.0052608936
3127	0.005755741
3128	0.005200714
3129	0.005080769
3130	0.004832942
3131	0.004706569
3132	0.004649041
3133	0.0044960994
3134	0.0047230497
3135	0.004710217
3136	0.004839181
3137	0.0048680725
3138	0.00474415
3139	0.004861101
3140	0.005055254
3141	0.004969468
3142	0.0051198755
3143	0.005526033
3144	0.00521349
3145	0.005257291
3146	0.0055342363
3147	0.0059690657
3148	0.0069568167
3149	0.006266563
3150	0.007815689
3151	0.006559004
3152	0.00933522
3153	0.0061461227
3154	0.0057618367
3155	0.00577903
3156	0.005544073
3157	0.005742163
3158	0.005937401
3159	0.00582317
3160	0.005092159
3161	0.005375716
3162	0.0051889885
3163	0.005221139
3164	0.005128547
3165	0.0052101333
3166	0.0051439404
3167	0.0052909837
3168	0.0051965835
3169	0.005511146
3170	0.0058344174
3171	0.006116788
3172	0.005996023
3173	0.0063732984
3174	0.006214888
3175	0.0061867917
3176	0.0060893027
3177	0.0062096203
3178	0.0072074095
3179	0.0056618666
3180	0.006072777
3181	0.0061398773
3182	0.0064731576
3183	0.0077082315
3184	0.009295227
3185	0.010800958
3186	0.007967498
3187	0.0071606375
3188	0.0062572453
3189	0.005604036
3190	0.00528685
3191	0.005621277
3192	0.0058796206
3193	0.005585595
3194	0.006537976
3195	0.007660119
3196	0.0065613
3197	0.006575818
3198	0.0064580673
3199	0.0067979298
3200	0.0057764696
3201	0.005250139
3202	0.005087383
3203	0.00512732
3204	0.0047321175
3205	0.0049490994
3206	0.0050394153
3207	0.0048340326
3208	0.0050961813
3209	0.005232848
3210	0.0050775446
3211	0.0052061756
3212	0.005375168
3213	0.005386474
3214	0.0054014204
3215	0.0053569307
3216	0.0056300294
3217	0.005366075
3218	0.0051153386
3219	0.005109021
3220	0.0052242796
3221	0.005026168
3222	0.00524746
3223	0.0056908876
3224	0.005820414
3225	0.0065121213
3226	0.006759658
3227	0.006933052
3228	0.010873027
3229	0.0068684407
3230	0.0072474033
3231	0.008658541
3232	0.006762143
3233	0.006112067
3234	0.005774563
3235	0.0054703588
3236	0.005262246
3237	0.0051903185
3238	0.0053713014
3239	0.0051354696
3240	0.0049665086
3241	0.0049582887
3242	0.004889491
3243	0.0052686734
3244	0.005636255
3245	0.006391662
3246	0.005452265
3247	0.006181564
3248	0.0057058036
3249	0.0058335885
3250	0.005791986
3251	0.0053155874
3252	0.0050786464
3253	0.004971695
3254	0.005069511
3255	0.0050128284
3256	0.0056839017
3257	0.00508814
3258	0.005191231
3259	0.0051081595
3260	0.0049641286
3261	0.005090044
3262	0.0048644724
3263	0.0048073377
3264	0.0050194142
3265	0.0054082647
3266	0.0048565227
3267	0.0053382325
3268	0.0053362316
3269	0.0054464918
3270	0.0054903366
3271	0.006525465
3272	0.0054100016
3273	0.005678675
3274	0.0054451497
3275	0.0052212724
3276	0.0053532887
3277	0.0052576466
3278	0.005466083
3279	0.0056514847
3280	0.0062481742
3281	0.006009748
3282	0.009568194
3283	0.0071194246
3284	0.01096749
3285	0.006640885
3286	0.006894069
3287	0.0057709576
3288	0.005360348
3289	0.005148271
3290	0.004794771
3291	0.0051851487
3292	0.005377502
3293	0.006535959
3294	0.0077520953
3295	0.007153341
3296	0.009204114
3297	0.006623936
3298	0.0070221326
3299	0.0066121845
3300	0.006255541
3301	0.0074284067
3302	0.005923971
3303	0.0056477794
3304	0.0052876356
3305	0.004958795
3306	0.0051617166
3307	0.0049741426
3308	0.004790125
3309	0.004631941
3310	0.0046310723
3311	0.00436443
3312	0.004532792
3313	0.004760964
3314	0.004722396
3315	0.0048003737
3316	0.0052332585
3317	0.005443095
3318	0.00545513
3319	0.005113264
3320	0.0049570734
3321	0.0054941406
3322	0.0049707694
3323	0.005037996
3324	0.0049979873
3325	0.0047315652
3326	0.0050251987
3327	0.005109489
3328	0.0049034944
3329	0.0048326035
3330	0.0049573802
3331	0.0053972583
3332	0.0055324733
3333	0.0061983652
3334	0.0066566463
3335	0.007367597
3336	0.008347938
3337	0.007398999
3338	0.007036007
3339	0.0061992635
3340	0.006911286
3341	0.007904699
3342	0.005729032
3343	0.0060455473
3344	0.0056507494
3345	0.0054435534
3346	0.0051664715
3347	0.0049315775
3348	0.004569198
3349	0.004578907
3350	0.004464397
3351	0.0048510893
3352	0.004920179
3353	0.0053372295
3354	0.0058509125
3355	0.0061546136
3356	0.005675643
3357	0.0060772747
3358	0.005758377
3359	0.0054982156
3360	0.0051920563
3361	0.0055882568
3362	0.0057014003
3363	0.005511971
3364	0.006298459
3365	0.006416387
3366	0.007816153
3367	0.0074962154
3368	0.010417998
3369	0.0065537747
3370	0.0069166864
3371	0.005909742
3372	0.005360067
3373	0.0051750606
3374	0.0047636754
3375	0.005240747
3376	0.004965158
3377	0.0048253546
3378	0.0050617075
3379	0.005046927
3380	0.0053192647
3381	0.0053943805
3382	0.005994034
3383	0.006082015
3384	0.0065582287
3385	0.0105446
3386	0.0064071566
3387	0.0057237754
3388	0.005506074
3389	0.0053378576
3390	0.0051030796
3391	0.0049085887
3392	0.00512223
3393	0.0057400595
3394	0.005358183
3395	0.005680315
3396	0.005202622
3397	0.005673175
3398	0.0054856087
3399	0.005682431
3400	0.0070136944
3401	0.0055439305
3402	0.0053694253
3403	0.005214083
3404	0.004960008
3405	0.0050266376
3406	0.0046756202
3407	0.0046668304
3408	0.004544948
3409	0.004495193
3410	0.004535457
3411	0.004836307
3412	0.0046847733
3413	0.004821384
3414	0.0049956813
3415	0.0052474374
3416	0.0056211036
3417	0.00528917
3418	0.0053714328
3419	0.00554358
3420	0.005434052
3421	0.0055334354
3422	0.0055954903
3423	0.005955591
3424	0.0061436314
3425	0.0059142075
3426	0.005660843
3427	0.005912288
3428	0.0064311223
3429	0.0055460166
3430	0.005743524
3431	0.005370347
3432	0.0051733186
3433	0.005143941
3434	0.0052769277
3435	0.00515322
3436	0.0049970616
3437	0.0051904437
3438	0.0051736115
3439	0.005620938
3440	0.006376477
3441	0.007486781
3442	0.00826435
3443	0.010568568
3444	0.011659583
3445	0.008683923
3446	0.007638776
3447	0.0064390833
3448	0.0058891363
3449	0.0054914113
3450	0.005528557
3451	0.0053674877
3452	0.0054238285
3453	0.0050709546
3454	0.0047865715
3455	0.005044395
3456	0.0047309306
3457	0.0049878825
3458	0.005184035
3459	0.0050175693
3460	0.0052337237
3461	0.0051090918
3462	0.0054980423
3463	0.00561524
3464	0.0056755426
3465	0.006553589
3466	0.007091535
3467	0.011194915
3468	0.006953501
3469	0.0064644767
3470	0.0059606885
3471	0.0053901123
3472	0.005012915
3473	0.0049091848
3474	0.0050061136
3475	0.004968936
3476	0.005050888
3477	0.0050816676
3478	0.005126913
3479	0.0049936185
3480	0.0052010375
3481	0.0051193107
3482	0.0048078666
3483	0.004953204
3484	0.005030258
3485	0.0049286317
3486	0.00509266
3487	0.0053326176
3488	0.00502167
3489	0.005335145
3490	0.005266742
3491	0.0048863264
3492	0.0048341835
3493	0.0049206624
3494	0.0048603974
3495	0.0051416494
3496	0.005093815
3497	0.0053380164
3498	0.0052142804
3499	0.005068166
3500	0.0050815484
3501	0.0050257314
3502	0.0050316635
3503	0.005461079
3504	0.0054381597
3505	0.005800067
3506	0.0067755636
3507	0.0071501443
3508	0.009665135
3509	0.008182326
3510	0.007117237
3511	0.0073117553
3512	0.007308063
3513	0.0062794844
3514	0.0062822644
3515	0.006009562
3516	0.006969114
3517	0.0075402884
3518	0.009139374
3519	0.011015126
3520	0.010183278
3521	0.011622745
3522	0.008672817
3523	0.008720912
3524	0.009204168
3525	0.006831674
3526	0.007881181
3527	0.0064383205
3528	0.008259805
3529	0.0062606414
3530	0.0074490225
3531	0.006228432
3532	0.006083142
3533	0.006189827
3534	0.0053382125
3535	0.005278922
3536	0.0052723587
3537	0.005588115
3538	0.0056235883
3539	0.0052819196
3540	0.0060934396
3541	0.0058616325
3542	0.00604372
3543	0.0054231146
3544	0.0054018022
3545	0.0054182727
3546	0.005292474
3547	0.005323283
3548	0.005195866
3549	0.0050193113
3550	0.0052456018
3551	0.0052774753
3552	0.005403005
3553	0.005433319
3554	0.0053127613
3555	0.0052567646
3556	0.005000373
3557	0.0054217232
3558	0.006152848
3559	0.0067318697
3560	0.010788357
3561	0.0066558914
3562	0.00636509
3563	0.0067623053
3564	0.006964948
3565	0.006500668
3566	0.0055210087
3567	0.0054696444
3568	0.005580581
3569	0.005646755
3570	0.0051701847
3571	0.005163403
3572	0.005015824
3573	0.0049476624
3574	0.0051883003
3575	0.005088746
3576	0.0051228497
3577	0.005561485
3578	0.0056475466
3579	0.0053903405
3580	0.0052929595
3581	0.0051061353
3582	0.0051624635
3583	0.005039133
3584	0.005232166
3585	0.0050910683
3586	0.005228605
3587	0.0053131003
3588	0.005134127
3589	0.005306634
3590	0.0059731686
3591	0.0061660176
3592	0.006847428
3593	0.0056430013
3594	0.005846301
3595	0.005570519
3596	0.005210886
3597	0.005070079
3598	0.005169171
3599	0.0050336276
3600	0.0048017856
3601	0.004868392
3602	0.0050576758
3603	0.0048900116
3604	0.004955947
3605	0.0049564755
3606	0.005057753
3607	0.0055817897
3608	0.0054338016
3609	0.0052251145
3610	0.005351212
3611	0.0053136237
3612	0.005262532
3613	0.0051520998
3614	0.0051746666
3615	0.005207802
3616	0.005525586
3617	0.005892302
3618	0.0054932344
3619	0.005255092
3620	0.00494067
3621	0.0050746705
3622	0.0052082986
3623	0.0048581692
3624	0.0049116537
3625	0.0047640745
3626	0.0049400087
3627	0.004906025
3628	0.004951372
3629	0.0051300526
3630	0.0053758607
3631	0.0050254655
3632	0.00499071
3633	0.004956997
3634	0.00485655
3635	0.004934838
3636	0.004719356
3637	0.0050182687
3638	0.0048961416
3639	0.0049683405
3640	0.0047717667
3641	0.0046552005
3642	0.0048085675
3643	0.004376852
3644	0.0048334785
3645	0.0048903604
3646	0.005214638
3647	0.0053258864
3648	0.0064381924
3649	0.0054582106
3650	0.005933948
3651	0.0058512213
3652	0.0060947947
3653	0.0053476607
3654	0.005565185
3655	0.0053083757
3656	0.0051096436
3657	0.0050135283
3658	0.0048137694
3659	0.005091223
3660	0.005849303
3661	0.00506158
3662	0.005230115
3663	0.005104619
3664	0.0051753167
3665	0.0054464913
3666	0.00532325
3667	0.0054129027
3668	0.005517413
3669	0.0055693355
3670	0.005589942
3671	0.0056213224
3672	0.005209376
3673	0.0051631983
3674	0.005161642
3675	0.004974428
3676	0.0050725397
3677	0.0049704984
3678	0.0051788827
3679	0.005440684
3680	0.0054221456
3681	0.005943908
3682	0.006247665
3683	0.0065818937
3684	0.007003586
3685	0.0059483107
3686	0.0060828044
3687	0.0061462778
3688	0.006117097
3689	0.005622008
3690	0.005719587
3691	0.0060311146
3692	0.005953566
3693	0.005901172
3694	0.006092383
3695	0.0058161756
3696	0.0061479188
3697	0.005648151
3698	0.005767566
3699	0.0053935167
3700	0.0053107487
3701	0.0054757968
3702	0.006127728
3703	0.005524396
3704	0.005598874
3705	0.0058151926
3706	0.0056021735
3707	0.005815946
3708	0.0057861283
3709	0.005743446
3710	0.005767678
3711	0.0059286607
3712	0.005489831
3713	0.0055908198
3714	0.0053224703
3715	0.0050026616
3716	0.005115639
3717	0.005130589
3718	0.0056135557
3719	0.005409413
3720	0.0056386054
3721	0.0052965134
3722	0.005953757
3723	0.0060889367
3724	0.0063892296
3725	0.005991158
3726	0.0058101323
3727	0.0054219295
3728	0.005848256
3729	0.0057746368
3730	0.0065085148
3731	0.0064181825
3732	0.006081783
3733	0.0061723394
3734	0.0060088825
3735	0.0060102874
3736	0.006160254
3737	0.005719413
3738	0.0060378453
3739	0.006173055
3740	0.0058645653
3741	0.0062140273
3742	0.006560511
3743	0.0071369624
3744	0.008054519
3745	0.012754496
3746	0.011205863
3747	0.010377856
3748	0.00832452
3749	0.0072568897
3750	0.0065148696
3751	0.006350591
3752	0.005697718
3753	0.005375469
3754	0.005986739
3755	0.00519154
3756	0.0051359986
3757	0.0053209397
3758	0.0053458326
3759	0.005500338
3760	0.0053695273
3761	0.0053542824
3762	0.004889182
3763	0.0050138435
3764	0.005087703
3765	0.0052016294
3766	0.0049826354
3767	0.0050154505
3768	0.005189213
3769	0.005239149
3770	0.005541617
3771	0.0055055097
3772	0.0053894063
3773	0.005605512
3774	0.005487252
3775	0.0053071664
3776	0.0056608757
3777	0.005253385
3778	0.0053977817
3779	0.005451395
3780	0.0052195424
3781	0.005484351
3782	0.0055039744
3783	0.006063089
3784	0.007988403
3785	0.0066883685
3786	0.0068530748
3787	0.006617648
3788	0.007265244
3789	0.0063085677
3790	0.0064116837
3791	0.006599691
3792	0.0065214355
3793	0.0063954187
3794	0.0063179014
3795	0.007215904
3796	0.0063645206
3797	0.007535004
3798	0.0061367974
3799	0.0064574117
3800	0.0057301335
3801	0.0057008043
3802	0.0071276794
3803	0.005389426
3804	0.0058000525
3805	0.0052744187
3806	0.004693677
3807	0.005151242
3808	0.004638895
3809	0.0050270557
3810	0.0050585438
3811	0.00520683
3812	0.004954611
3813	0.00498264
3814	0.0051967753
3815	0.0052754954
3816	0.00507242
3817	0.004992232
3818	0.0052786414
3819	0.0054217745
3820	0.005371238
3821	0.004881772
3822	0.0047915964
3823	0.0052909264
3824	0.0056567476
3825	0.0054368717
3826	0.005477393
3827	0.0058312044
3828	0.006024869
3829	0.0066172695
3830	0.0075478777
3831	0.0063675675
3832	0.006741885
3833	0.006739364
3834	0.0069888067
3835	0.00613656
3836	0.006682553
3837	0.0063134483
3838	0.005899238
3839	0.0055471878
3840	0.005192182
3841	0.0049529355
3842	0.00499844
3843	0.0047638044
3844	0.0046587363
3845	0.0046034856
3846	0.004651531
3847	0.004655003
3848	0.0045387493
3849	0.004737368
3850	0.004771754
3851	0.005016654
3852	0.0050995117
3853	0.0052622
3854	0.005039449
3855	0.0049544936
3856	0.0047389865
3857	0.0047409977
3858	0.0047239857
3859	0.0046619284
3860	0.004995868
3861	0.0050841942
3862	0.005068638
3863	0.0049891057
3864	0.0050127115
3865	0.004899811
3866	0.0049585663
3867	0.004667295
3868	0.004954902
3869	0.0048569245
3870	0.0046284664
3871	0.0048349556
3872	0.0046540536
3873	0.0045553166
3874	0.0052047702
3875	0.0049730754
3876	0.0050568804
3877	0.005322001
3878	0.0054245214
3879	0.005193239
3880	0.0057186997
3881	0.0060261316
3882	0.006424037
3883	0.008159513
3884	0.007634915
3885	0.006501977
3886	0.0062884334
3887	0.0058813365
3888	0.0054310374
3889	0.0054477295
3890	0.0050974684
3891	0.005174755
3892	0.005119743
3893	0.005264164
3894	0.0054859724
3895	0.00533742
3896	0.006276846
3897	0.0072163455
3898	0.01019215
3899	0.008207986
3900	0.0074183587
3901	0.006483186
3902	0.0057642697
3903	0.0052869837
3904	0.0051046144
3905	0.005143809
3906	0.0050807134
3907	0.0050689634
3908	0.0050096465
3909	0.0050656283
3910	0.0051567154
3911	0.005027705
3912	0.0049054287
3913	0.004964038
3914	0.005055801
3915	0.0053151324
3916	0.005679228
3917	0.0059784064
3918	0.0061231656
3919	0.006918556
3920	0.0077931196
3921	0.0075371987
3922	0.006617844
3923	0.005641547
3924	0.006160073
3925	0.005828619
3926	0.0056064283
3927	0.0054571843
3928	0.005825174
3929	0.0055597383
3930	0.005204838
3931	0.0051113022
3932	0.0051887734
3933	0.005052059
3934	0.0054197074
3935	0.005191926
3936	0.00507888
3937	0.0053523695
3938	0.00503488
3939	0.005251853
3940	0.004845066
3941	0.004858248
3942	0.0047977883
3943	0.004848165
3944	0.005025359
3945	0.005018875
3946	0.005256594
3947	0.0053052707
3948	0.004972998
3949	0.0052116746
3950	0.0049204174
3951	0.005045548
3952	0.005087041
3953	0.0049358746
3954	0.00496646
3955	0.0050381497
3956	0.0049193385
3957	0.0048519038
3958	0.0048556323
3959	0.005048105
3960	0.0052800346
3961	0.005020628
3962	0.0054573147
3963	0.005030186
3964	0.00525559
3965	0.0054061823
3966	0.005169983
3967	0.005477665
3968	0.005371878
3969	0.0056349626
3970	0.005330654
3971	0.005329167
3972	0.005413724
3973	0.0052942513
3974	0.0052288948
3975	0.0051102536
3976	0.005005313
3977	0.0050706817
3978	0.0048694774
3979	0.0051034046
3980	0.0053509707
3981	0.00519587
3982	0.005121104
3983	0.005082613
3984	0.0053531663
3985	0.0053297123
3986	0.0052087964
3987	0.0052456586
3988	0.0052626887
3989	0.005286159
3990	0.0050979946
3991	0.005415556
3992	0.0049746386
3993	0.005093756
3994	0.0051837717
3995	0.0055826236
3996	0.0056487033
3997	0.0053710095
3998	0.005685214
3999	0.0054941066
4000	0.0053650313
4001	0.005236541
4002	0.0054728854
4003	0.005142236
4004	0.0052112043
4005	0.00546644
4006	0.0054550376
4007	0.0055330438
4008	0.0053701336
4009	0.0053904736
4010	0.005254143
4011	0.005081388
4012	0.005116805
4013	0.005062975
4014	0.0059861112
4015	0.0050609102
4016	0.005210695
4017	0.00516521
4018	0.00512409
4019	0.0052867103
4020	0.0050893035
4021	0.005233461
4022	0.005349186
4023	0.0052769603
4024	0.0055501293
4025	0.005200655
4026	0.0052248603
4027	0.005659112
4028	0.005392838
4029	0.005074772
4030	0.0059663337
4031	0.005659409
4032	0.005500312
4033	0.0051374445
4034	0.005244357
4035	0.0053468077
4036	0.0053549698
4037	0.0056417957
4038	0.006174799
4039	0.0070624724
4040	0.005946926
4041	0.0056096977
4042	0.0053596986
4043	0.0052832356
4044	0.0051400773
4045	0.0053029824
4046	0.005354523
4047	0.0053890026
4048	0.005487843
4049	0.005284481
4050	0.005575928
4051	0.0058218567
4052	0.00562683
4053	0.006045174
4054	0.0058311494
4055	0.006133838
4056	0.0062223417
4057	0.0059508984
4058	0.006774037
4059	0.0052192635
4060	0.005179091
4061	0.0052242316
4062	0.0051664514
4063	0.0053549428
4064	0.004782247
4065	0.005022675
4066	0.0050413385
4067	0.0052092215
4068	0.0050446414
4069	0.0060447725
4070	0.005399079
4071	0.005844804
4072	0.0054425616
4073	0.0054402202
4074	0.005335659
4075	0.0053259404
4076	0.005497685
4077	0.005170256
4078	0.005999949
4079	0.005997723
4080	0.007980712
4081	0.0068258233
4082	0.007014797
4083	0.006049032
4084	0.005740919
4085	0.0055751763
4086	0.005141155
4087	0.004985732
4088	0.004929616
4089	0.0049534366
4090	0.0049592745
4091	0.0051822457
4092	0.0051566837
4093	0.0054008337
4094	0.0054288437
4095	0.0054874625
4096	0.0052511636
4097	0.00512385
4098	0.0052186595
4099	0.0048421435
4100	0.005018398
4101	0.0049397303
4102	0.0050791544
4103	0.004859208
4104	0.004752677
4105	0.004563328
4106	0.0047562066
4107	0.004917833
4108	0.0048539303
4109	0.004794563
4110	0.004975873
4111	0.0048826
4112	0.0049633393
4113	0.005027474
4114	0.005018316
4115	0.005078211
4116	0.0051268344
4117	0.0050937594
4118	0.0054318747
4119	0.005322701
4120	0.005888977
4121	0.005524096
4122	0.0056258193
4123	0.0052151545
4124	0.005096201
4125	0.0050845155
4126	0.00516616
4127	0.0052520814
4128	0.005467749
4129	0.0056514745
4130	0.0057735313
4131	0.0061650686
4132	0.0056675016
4133	0.006233032
4134	0.006547849
4135	0.0061567198
4136	0.005827088
4137	0.0056665773
4138	0.005499
4139	0.0056985216
4140	0.0058679073
4141	0.0061735422
4142	0.0064396975
4143	0.0061995406
4144	0.0056335125
4145	0.0054654256
4146	0.005506571
4147	0.005276248
4148	0.006107283
4149	0.0053322576
4150	0.0054048775
4151	0.0051744175
4152	0.0050923163
4153	0.005167323
4154	0.005058973
4155	0.005143066
4156	0.005605027
4157	0.005824169
4158	0.005459128
4159	0.0055555087
4160	0.005412034
4161	0.005502493
4162	0.006330328
4163	0.0053616916
4164	0.005424337
4165	0.0056202216
4166	0.005330319
4167	0.0053575905
4168	0.0057526645
4169	0.0053490214
4170	0.0053675566
4171	0.0051738443
4172	0.0051150434
4173	0.0050867116
4174	0.0052674534
4175	0.005355254
4176	0.005209217
4177	0.005570774
4178	0.007508602
4179	0.006235001
4180	0.0068729366
4181	0.00593593
4182	0.005649738
4183	0.005589137
4184	0.005363011
4185	0.005408386
4186	0.0051336335
4187	0.005090027
4188	0.0055992166
4189	0.0059261825
4190	0.006990006
4191	0.007930096
4192	0.006452753
4193	0.0064181387
4194	0.0058130966
4195	0.0055108927
4196	0.0054745274
4197	0.0055705034
4198	0.0055321604
4199	0.0054439376
4200	0.0054350873
4201	0.005422056
4202	0.005022961
4203	0.005172248
4204	0.005355046
4205	0.005292712
4206	0.0054445695
4207	0.005299854
4208	0.005454446
4209	0.0050967624
4210	0.005632189
4211	0.0052311085
4212	0.0053255027
4213	0.0060427585
4214	0.00590849
4215	0.007059505
4216	0.0062343087
4217	0.0062666256
4218	0.0068273516
4219	0.006275651
4220	0.0061435215
4221	0.0058175083
4222	0.0061129844
4223	0.0058849724
4224	0.0059219617
4225	0.005699651
4226	0.0057160147
4227	0.0055629523
4228	0.006031531
4229	0.0060127224
4230	0.0066223405
4231	0.00739142
4232	0.012773562
4233	0.00883667
4234	0.007659062
4235	0.0046605687
