	0
0	0.0032879101
1	0.0045971372
2	0.006332206700000001
3	0.008305539
4	0.0086000825
5	0.0128319195
6	0.00775142
7	0.007452785
8	0.007027569
9	0.0066717064
10	0.00681781125
11	0.0069532959999999994
12	0.00679724895
13	0.0065214281499999995
14	0.00645417715
15	0.006463371800000001
16	0.00602377835
17	0.00620133
18	0.006063088500000001
19	0.00620890015
20	0.0064492214
21	0.006681141450000001
22	0.00899628
23	0.006486679
24	0.00646950185
25	0.0072680444
26	0.00707644455
27	0.0071447026
28	0.0073153643
29	0.0069734897
30	0.006929851000000001
31	0.0070020945
32	0.006881407650000001
33	0.0070697625
34	0.006958011
35	0.006731941500000001
36	0.0071459602999999995
37	0.0076641812
38	0.0073408894999999995
39	0.0075769389999999995
40	0.0069565354999999995
41	0.00703563405
42	0.00636087075
43	0.00592856435
44	0.006086864650000001
45	0.005993575250000001
46	0.005959484500000001
47	0.00592702685
48	0.00622082675
49	0.006542116399999999
50	0.0062363087
51	0.006335255
52	0.00631456
53	0.006872826950000001
54	0.0065345920000000005
55	0.006688348849999999
56	0.006967510200000001
57	0.00684271245
58	0.0073518455
59	0.00668170825
60	0.00585295
61	0.0062254171
62	0.0058783949
63	0.005588529
64	0.00568085875
65	0.00555387525
66	0.005667496650000001
67	0.0055426026
68	0.00569909635
69	0.0054951932500000005
70	0.0054257505
71	0.00556321
72	0.00616948525
73	0.00639770645
74	0.00623217295
75	0.0069644400000000006
76	0.0064384225
77	0.006199365
78	0.0085102415
79	0.0065427642000000005
80	0.0066717168
81	0.00751226585
82	0.0070305523
83	0.007516989849999999
84	0.00767625035
85	0.007522065499999999
86	0.0077627129
87	0.00704491315
88	0.0072906655
89	0.006881531599999999
90	0.0061903834999999996
91	0.00602318815
92	0.005617214150000001
93	0.0056191335
94	0.0054016415
95	0.005624029500000001
96	0.006096676
97	0.00578536
98	0.005862007000000001
99	0.0057929395
100	0.0057122045
101	0.005726819649999999
102	0.005578312
103	0.00652734585
104	0.00550453475
105	0.005227361999999999
106	0.00553866135
107	0.0055446305
108	0.0054518572
109	0.00551478925
110	0.005749907
111	0.00543206625
112	0.0056959015
113	0.005833897
114	0.0059989327
115	0.0059089675
116	0.00585578195
117	0.0058425886
118	0.00592064115
119	0.0060166465
120	0.00614699225
121	0.005850130950000001
122	0.0062159265
123	0.0063275468
124	0.00593837065
125	0.00624354215
126	0.00641717265
127	0.0062535135
128	0.006027860350000001
129	0.00617440885
130	0.006547354
131	0.0057797457
132	0.0057308683499999995
133	0.00582603435
134	0.0057989913
135	0.00588386885
136	0.0060491441
137	0.00620081175
138	0.00626622235
139	0.0057403897
140	0.0064633314
141	0.005786972350000001
142	0.00568956765
143	0.0070599292
144	0.005404609
145	0.0054280695
146	0.005646283
147	0.00542041315
148	0.00529173315
149	0.00533626205
150	0.005000497
151	0.00502392465
152	0.004893183000000001
153	0.005200525
154	0.00545596615
155	0.0050883414500000005
156	0.005421380349999999
157	0.00544281735
158	0.0053408848
159	0.005866310600000001
160	0.00565801465
161	0.0055549934
162	0.00542657545
163	0.00561305835
164	0.0061643025
165	0.00561347525
166	0.0054786835
167	0.00537832075
168	0.00493385245
169	0.005366460849999999
170	0.0049517168
171	0.004913635999999999
172	0.0053220965
173	0.0054142567999999995
174	0.0054462907
175	0.005337126500000001
176	0.005471847300000001
177	0.005503773450000001
178	0.0053670466499999995
179	0.005217107
180	0.00588181615
181	0.005741368849999999
182	0.0056977778
183	0.0054380503
184	0.005313819000000001
185	0.0053939892
186	0.0053843093
187	0.0056582948
188	0.0055698558499999995
189	0.0054638148
190	0.005766292
191	0.005331348
192	0.0054353783
193	0.006298415599999999
194	0.006336524250000001
195	0.0065946763
196	0.0077689721
197	0.0068500365
198	0.006908657300000001
199	0.007086009000000001
200	0.0060851858
201	0.0061943135
202	0.00569269415
203	0.00634797125
204	0.0056939339500000005
205	0.0058018875
206	0.00560416
207	0.005573075
208	0.005640590149999999
209	0.0055771169999999995
210	0.00560117115
211	0.00562718695
212	0.005522478
213	0.0058297625
214	0.00583769765
215	0.0057510867
216	0.0063422392000000005
217	0.00662182185
218	0.0065664465
219	0.009292775
220	0.00637873005
221	0.00646579875
222	0.0063307643
223	0.0056305669999999995
224	0.0055609100000000005
225	0.005413356999999999
226	0.005295896
227	0.0053164315
228	0.005420882300000001
229	0.005598763499999999
230	0.00532649575
231	0.005970805
232	0.005212405
233	0.00538176875
234	0.0054065345999999995
235	0.0051291267
236	0.005307764750000001
237	0.005687232
238	0.005389767950000001
239	0.00517293995
240	0.005485930500000001
241	0.0055895473
242	0.0054895771
243	0.005705514
244	0.0055608968
245	0.00556342795
246	0.0055547315
247	0.0055603943
248	0.005671493200000001
249	0.00647377215
250	0.00652873325
251	0.006813265400000001
252	0.010136510000000001
253	0.00675964965
254	0.0066104108
255	0.00621328155
256	0.0056387575
257	0.00589068255
258	0.0058848588
259	0.00589901665
260	0.0063225522
261	0.00634251565
262	0.0068268675
263	0.009487352000000001
264	0.008090663
265	0.0073759563
266	0.00754848705
267	0.006785293350000001
268	0.0068035652
269	0.0063709861
270	0.0066192922500000004
271	0.006544721
272	0.00708129335
273	0.005977237349999999
274	0.0055345875
275	0.005854490800000001
276	0.00523253995
277	0.0052098097
278	0.0055735938
279	0.006167047849999999
280	0.0060934178000000006
281	0.006387367999999999
282	0.0074223923
283	0.0064829538
284	0.0064441872
285	0.00686009585
286	0.0065935515
287	0.0067417829999999995
288	0.00660514015
289	0.00769439835
290	0.006560771
291	0.0064599411999999995
292	0.00644164585
293	0.0066346671999999995
294	0.007359342499999999
295	0.00686214285
296	0.0074172627
297	0.007154313400000001
298	0.007544513250000001
299	0.007350728
300	0.0071025837500000005
301	0.008881199499999999
302	0.007659687849999999
303	0.007366377150000001
304	0.008333428
305	0.007824799
306	0.008950502999999999
307	0.007716276
308	0.007694101449999999
309	0.007804058500000001
310	0.0076299387
311	0.0093747135
312	0.0076523322000000005
313	0.008738511000000001
314	0.00683457245
315	0.0094601015
316	0.0068985152
317	0.00676765155
318	0.0072249519
319	0.0062189880999999995
320	0.0061375219500000005
321	0.0057029172
322	0.0059988288
323	0.00603892735
324	0.006695692
325	0.006769947700000001
326	0.00727164865
327	0.008493200499999999
328	0.007093466599999999
329	0.007087538500000001
330	0.009463201
331	0.006578142
332	0.0063058771
333	0.0062085708
334	0.005780390999999999
335	0.005740501
336	0.00578251215
337	0.00583115685
338	0.00572200225
339	0.0059707283
340	0.00566990285
341	0.006524818700000001
342	0.0063173126
343	0.006697310199999999
344	0.006719457
345	0.0063766191
346	0.006299941349999999
347	0.0063135158
348	0.0061705105
349	0.0071233738
350	0.00640865255
351	0.006690332
352	0.00588960015
353	0.0057193852499999994
354	0.00584904585
355	0.005455676499999999
356	0.005975324
357	0.0059241162
358	0.005641602000000001
359	0.0055672662000000005
360	0.005708399499999999
361	0.00546834635
362	0.005614534500000001
363	0.00571886175
364	0.00576082245
365	0.00591273585
366	0.00563648315
367	0.00558747165
368	0.005881835
369	0.005873697149999999
370	0.0059309893
371	0.00547267015
372	0.0053397117
373	0.00543433405
374	0.00562938095
375	0.0059045018500000004
376	0.0061026974
377	0.0063504985
378	0.0061367708
379	0.0067372851000000004
380	0.00595102635
381	0.0061659894
382	0.006270928049999999
383	0.005855167099999999
384	0.00618389635
385	0.007799305499999999
386	0.005802663499999999
387	0.006213293450000001
388	0.00622827745
389	0.0060057737
390	0.00615340225
391	0.0056567387
392	0.00553784135
393	0.00591959475
394	0.005874431500000001
395	0.005689264
396	0.0060588555
397	0.00587376015
398	0.0065889042
399	0.00661392995
400	0.006078877
401	0.006207399299999999
402	0.006209931849999999
403	0.0063205655
404	0.006242447349999999
405	0.00598424935
406	0.005999664200000001
407	0.006184811199999999
408	0.00626432365
409	0.00640131
410	0.006629915449999999
411	0.0062785926
412	0.00611983065
413	0.00645439425
414	0.00635726175
415	0.006744803000000001
416	0.007279722949999999
417	0.008017804
418	0.007855517999999999
419	0.0075661255
420	0.00668587565
421	0.0062187535
422	0.0065707108
423	0.0053300551500000005
424	0.00556944115
425	0.006016491949999999
426	0.005398087750000001
427	0.0055722595
428	0.005276209
429	0.00518030715
430	0.005316980799999999
431	0.0051298030000000005
432	0.005656841499999999
433	0.0057857614000000005
434	0.0057899961
435	0.0058719620499999995
436	0.0055532115
437	0.0059396215
438	0.0055369507
439	0.00607008965
440	0.0058065648000000004
441	0.005806164499999999
442	0.00572682215
443	0.00568422975
444	0.005772856
445	0.0059656468
446	0.0060894355
447	0.0063066093
448	0.00652813745
449	0.0066819524
450	0.0066205225
451	0.00711779295
452	0.005871979
453	0.0061959070000000005
454	0.00749635685
455	0.0060109715
456	0.006550114500000001
457	0.00636302875
458	0.00630911985
459	0.008748162
460	0.0064811585000000005
461	0.0074591455
462	0.0069170428
463	0.00607610055
464	0.0072881983499999995
465	0.0058276373
466	0.0054211072499999995
467	0.005583162900000001
468	0.0056400663
469	0.00528301205
470	0.00551581215
471	0.00541349755
472	0.00518066175
473	0.0054640222
474	0.005461895500000001
475	0.00597261285
476	0.005733774
477	0.006140281500000001
478	0.006326282799999999
479	0.00631648115
480	0.006995268
481	0.006224227150000001
482	0.0076325259
483	0.0070847672
484	0.0064489925
485	0.0067448874500000006
486	0.0062963173
487	0.006349144500000001
488	0.00624046715
489	0.00634285035
490	0.006203107100000001
491	0.007200563050000001
492	0.00557758675
493	0.0054381125
494	0.0056637309
495	0.00568229715
496	0.005582543299999999
497	0.00559224
498	0.0064769196000000005
499	0.005771456499999999
500	0.0057237595500000005
501	0.0061133104
502	0.00574334815
503	0.005699275300000001
504	0.0061609586000000004
505	0.0061374088
506	0.006380192350000001
507	0.0076837788
508	0.0068118808
509	0.006135157299999999
510	0.00604379125
511	0.006397221749999999
512	0.00576915915
513	0.005462667500000001
514	0.00586462565
515	0.005852656899999999
516	0.00558763425
517	0.00628358895
518	0.005736887350000001
519	0.0054568822500000004
520	0.005512462899999999
521	0.0056090433500000005
522	0.00554092555
523	0.005030023
524	0.0052735043499999995
525	0.00514772815
526	0.0053116786
527	0.005381319900000001
528	0.00536689905
529	0.0053815465
530	0.005782998399999999
531	0.0055322075000000005
532	0.005929640999999999
533	0.005915204699999999
534	0.005660709
535	0.0057242903000000005
536	0.00562124485
537	0.00569349575
538	0.0058301537
539	0.00586347735
540	0.0059857795
541	0.006402222149999999
542	0.0054456218
543	0.006125773
544	0.00597989765
545	0.0057409586
546	0.0090127525
547	0.006601225
548	0.0073176425
549	0.008489846499999999
550	0.0066311153000000005
551	0.007174185499999999
552	0.0080236475
553	0.00761491875
554	0.00723101315
555	0.00703851625
556	0.00679287735
557	0.0062633791999999995
558	0.006204651
559	0.0056784704999999994
560	0.005653818600000001
561	0.0058223573
562	0.0058190646
563	0.0056595351500000005
564	0.00563433345
565	0.00556994265
566	0.005177115099999999
567	0.0052722123499999995
568	0.004925331349999999
569	0.005072136749999999
570	0.004897924200000001
571	0.005226312800000001
572	0.005512628
573	0.005495904649999999
574	0.00545224195
575	0.0058302119999999995
576	0.0058805118
577	0.0059521398
578	0.006045633
579	0.0064777395
580	0.0074567493
581	0.0076278523
582	0.006991059649999999
583	0.00733984935
584	0.0084522805
585	0.00660193175
586	0.007842552
587	0.0061632951499999995
588	0.0061171707499999995
589	0.00577058565
590	0.0054547719000000005
591	0.0052555465
592	0.00551199425
593	0.0061389685000000005
594	0.006613349399999999
595	0.00638098935
596	0.007001098999999999
597	0.0066593634
598	0.006823045450000001
599	0.007088423450000001
600	0.006908436150000001
601	0.008143796
602	0.00785993875
603	0.008007123500000001
604	0.0084656475
605	0.007870424
606	0.0079510385
607	0.008246909
608	0.0063819281999999995
609	0.006373123
610	0.0065134363
611	0.006711292000000001
612	0.008822605
613	0.006620566800000001
614	0.0071062365
615	0.0077561445
616	0.006526270000000001
617	0.00640093125
618	0.0064871488
619	0.0068956425
620	0.00755929905
621	0.0074629777500000005
622	0.00721622685
623	0.0065096145
624	0.0060153329999999994
625	0.0057123437499999995
626	0.0055038069999999994
627	0.005593808
628	0.0058199497
629	0.0057983015
630	0.0060588523499999995
631	0.0062509447
632	0.0059801738
633	0.00765040095
634	0.005963590999999999
635	0.0050010365
636	0.005449305999999999
637	0.0050109308000000005
638	0.0045774197
639	0.0046934555499999996
640	0.00487128945
641	0.0053034493000000005
642	0.0047972193
643	0.00493055815
644	0.0050043894999999994
645	0.005498589
646	0.0052036666
647	0.005327234849999999
648	0.00546320625
649	0.005349889
650	0.0054037462
651	0.00539354585
652	0.0054563143
653	0.00569941635
654	0.00583226465
655	0.005555959899999999
656	0.005897841799999999
657	0.0057720167
658	0.00566053015
659	0.00563794875
660	0.0052971415
661	0.00489857795
662	0.00517878235
663	0.0050695227499999995
664	0.00542756495
665	0.005520791299999999
666	0.005522156699999999
667	0.0053440805
668	0.00550007
669	0.0054680067500000006
670	0.0053100761
671	0.0054428237
672	0.0056778691
673	0.0056832153500000005
674	0.0055585683
675	0.0059179021
676	0.0058701844
677	0.00572948385
678	0.00577710725
679	0.0059535145
680	0.00544173465
681	0.00530034835
682	0.00530794895
683	0.005284111499999999
684	0.00541234585
685	0.005463925099999999
686	0.00530709655
687	0.00500580225
688	0.0049930967
689	0.00518040325
690	0.005302612999999999
691	0.0054536711
692	0.0052375304999999995
693	0.0054196495
694	0.00545466805
695	0.00522278995
696	0.0052310180000000005
697	0.005501854699999999
698	0.00519851785
699	0.005345946250000001
700	0.0052935002499999995
701	0.00522557905
702	0.005341563600000001
703	0.0053421091500000005
704	0.005649824
705	0.005845624800000001
706	0.0060386967
707	0.0059550565
708	0.006557701799999999
709	0.00665517055
710	0.006867277
711	0.006138210850000001
712	0.00614392595
713	0.006594332
714	0.0062569107999999995
715	0.006125570949999999
716	0.007148513699999999
717	0.00671824675
718	0.00730478715
719	0.007914840999999999
720	0.0072146707
721	0.0068628629
722	0.009071820500000001
723	0.0067898625
724	0.00643856575
725	0.00704881215
726	0.00703240035
727	0.006208768349999999
728	0.0060195932
729	0.007352693
730	0.0059376496999999995
731	0.00611880475
732	0.00582287995
733	0.0056315134
734	0.005520717499999999
735	0.0057016698
736	0.00525327615
737	0.005306588750000001
738	0.0054727488500000004
739	0.00543002115
740	0.005354526949999999
741	0.0056565018
742	0.00565751245
743	0.00569127835
744	0.00559084325
745	0.0055722377499999995
746	0.0057319426
747	0.00571788545
748	0.00561582645
749	0.005510031949999999
750	0.005578488350000001
751	0.005613196
752	0.00564431795
753	0.0057353323
754	0.0055500277
755	0.0054608495
756	0.0060987537
757	0.0056785575
758	0.005681625
759	0.00730499325
760	0.0061181693
761	0.00627715535
762	0.00692665585
763	0.006899417
764	0.00709308375
765	0.0071292765
766	0.00628485015
767	0.0063526095
768	0.005903221699999999
769	0.00587661195
770	0.00593057575
771	0.00722548435
772	0.0058714017
773	0.0060636095
774	0.0058501247
775	0.0059656729
776	0.00620561335
777	0.0059963474
778	0.0058826899500000005
779	0.005786566999999999
780	0.00554316665
781	0.0056411751
782	0.00539495
783	0.005594694549999999
784	0.005831445550000001
785	0.0058655897500000005
786	0.00555845475
787	0.0057318214999999995
788	0.0059737356
789	0.0057469745
790	0.0056649560499999994
791	0.0058828434
792	0.0057592986499999995
793	0.00569812275
794	0.00598604035
795	0.006764034
796	0.00658957275
797	0.0072212744999999995
798	0.012342419
799	0.007754962
800	0.008616426
801	0.0085465585
802	0.010943715
803	0.007471119700000001
804	0.0071762678
805	0.0069930215
806	0.00597247625
807	0.0058836663
808	0.00556630025
809	0.0055247065000000005
810	0.0058008153
811	0.006227781
812	0.00661339715
813	0.0085853825
814	0.0072711283000000005
815	0.007396254200000001
816	0.0070219911
817	0.006577716799999999
818	0.006595126099999999
819	0.0080291715
820	0.0080382115
821	0.0072836827
822	0.0088080655
823	0.00897813
824	0.0080810975
825	0.009708269
826	0.010381929250000001
827	0.0066380864
828	0.006736748149999999
829	0.00657184915
830	0.005863249800000001
831	0.00579914185
832	0.005708162
833	0.0057003177000000006
834	0.006193859499999999
835	0.00601579435
836	0.0060897205
837	0.00611528335
838	0.0056281232
839	0.005508138
840	0.005502732
841	0.0051950568
842	0.0054203246
843	0.00551197185
844	0.0058473585
845	0.0061411408
846	0.0062598765
847	0.00645023565
848	0.0061152453499999995
849	0.0058480005000000005
850	0.00553564675
851	0.0054253485
852	0.005365949199999999
853	0.0056168549
854	0.0055076312999999995
855	0.005265502050000001
856	0.00584686645
857	0.005501202
858	0.0058265305
859	0.0055139783
860	0.005858845
861	0.0063698643
862	0.005997561
863	0.0061490053000000005
864	0.0059333718
865	0.00603607265
866	0.00615983325
867	0.005804266549999999
868	0.006167032249999999
869	0.0056558115
870	0.00539657755
871	0.0055585205499999995
872	0.005299792849999999
873	0.00557097015
874	0.005570442
875	0.0055959956499999994
876	0.0057220955
877	0.005713169299999999
878	0.005623058
879	0.005345457
880	0.0060613735
881	0.0054494921500000005
882	0.0056198449
883	0.00562394135
884	0.0055923049
885	0.00557330985
886	0.00535142395
887	0.0051576395
888	0.00523973015
889	0.0054329059999999995
890	0.00578043485
891	0.0056542178
892	0.0056359295
893	0.00584013375
894	0.005620649
895	0.0056572788
896	0.0059769787
897	0.006374013350000001
898	0.0060669235
899	0.0057669785000000005
900	0.0057293803
901	0.005301467149999999
902	0.00531940935
903	0.005897582550000001
904	0.005458783
905	0.005601156
906	0.0056148233
907	0.0054784545
908	0.00562394875
909	0.0059195027999999995
910	0.0054530132499999995
911	0.00517137515
912	0.005404957199999999
913	0.0052623055
914	0.00533905025
915	0.0053136586
916	0.0055068658999999996
917	0.0052748983499999996
918	0.005227648749999999
919	0.005395115
920	0.00501976015
921	0.00552819855
922	0.006061755
923	0.00582100325
924	0.0061482740000000004
925	0.0062859505
926	0.0059747590000000005
927	0.0068551611500000005
928	0.005758793349999999
929	0.00615075335
930	0.0057918371500000005
931	0.00537918675
932	0.00553073535
933	0.0056795592500000006
934	0.0055891022
935	0.005609627
936	0.00579214885
937	0.005718462
938	0.0061053794
939	0.0056788446999999995
940	0.0056559815
941	0.005841929000000001
942	0.00555596505
943	0.006077045
944	0.00583121385
945	0.00592692895
946	0.00580305435
947	0.0057622331500000006
948	0.00582104975
949	0.005333656
950	0.0055618535
951	0.0053540967999999994
952	0.0059417649
953	0.005657658500000001
954	0.00572322025
955	0.0058695658000000005
956	0.0060864712
957	0.0063584565
958	0.00651032015
959	0.007982409999999999
960	0.0071657293
961	0.0062634974999999996
962	0.00597385275
963	0.0061262103499999995
964	0.0055778133
965	0.00599936465
966	0.0060545288
967	0.00573437265
968	0.00611944585
969	0.0061163327
970	0.00587763755
971	0.0058446685000000005
972	0.0058698103
973	0.0064690903
974	0.006034828250000001
975	0.0065270250000000005
976	0.00587672385
977	0.0058161007
978	0.0056215514999999995
979	0.005304782000000001
980	0.00537108335
981	0.00534028735
982	0.00560045665
983	0.0053818222499999995
984	0.0054280905
985	0.0053826337
986	0.0053696595
987	0.0055164072
988	0.0055937898
989	0.0055082191
990	0.005732389650000001
991	0.00594380705
992	0.0056707527
993	0.0057913855
994	0.005471175050000001
995	0.005600342350000001
996	0.0053822785000000005
997	0.0052244808
998	0.00547297785
999	0.00560494585
1000	0.0056279339
1001	0.00623551765
1002	0.0053187272
1003	0.00574207495
1004	0.0057366282
1005	0.0058515345
1006	0.0056951595
1007	0.0056894545
1008	0.00562460935
1009	0.00580759965
1010	0.006482212750000001
1011	0.005420163150000001
1012	0.0056683067
1013	0.00619263575
1014	0.0053429245
1015	0.0058103627
1016	0.005932308000000001
1017	0.005994961
1018	0.0078550995
1019	0.0075063652
1020	0.008781664500000001
1021	0.008580121999999999
1022	0.00857061625
1023	0.0080625125
1024	0.0081060315
1025	0.0078128395
1026	0.008737351
1027	0.0105612995
1028	0.00723761275
1029	0.00670262145
1030	0.00683953195
1031	0.006297457
1032	0.006659781599999999
1033	0.008792025
1034	0.0064043683
1035	0.00915099825
1036	0.00775610835
1037	0.0067977381
1038	0.008572923999999999
1039	0.0070738427
1040	0.0068246848
1041	0.0070797010999999995
1042	0.0059120386500000005
1043	0.00563611665
1044	0.0058473901499999995
1045	0.005229115500000001
1046	0.0057061865
1047	0.00539006285
1048	0.005341703999999999
1049	0.005231596
1050	0.0056577385000000004
1051	0.0056875204999999995
1052	0.00595192915
1053	0.005862587250000001
1054	0.0058791806499999995
1055	0.00613660435
1056	0.0059036894
1057	0.00669111985
1058	0.006049357850000001
1059	0.0059852212500000005
1060	0.0065948112
1061	0.00621634025
1062	0.006326125
1063	0.00665480295
1064	0.00698177825
1065	0.0076275178499999995
1066	0.0094272875
1067	0.0086780705
1068	0.00772277535
1069	0.009072748000000002
1070	0.007369678750000001
1071	0.0069579685
1072	0.007293297000000001
1073	0.0066016237
1074	0.00617208665
1075	0.00559485075
1076	0.00572035085
1077	0.0056583255
1078	0.00577805065
1079	0.00573832585
1080	0.00602315315
1081	0.0056976876
1082	0.0056224288
1083	0.0055786262
1084	0.005576887
1085	0.00607775225
1086	0.005965842900000001
1087	0.00584488175
1088	0.006228504
1089	0.00617078475
1090	0.006155097
1091	0.006493741900000001
1092	0.005316003349999999
1093	0.005444485000000001
1094	0.005736755200000001
1095	0.00551203965
1096	0.005895459550000001
1097	0.0057745331000000006
1098	0.005803829349999999
1099	0.005903180900000001
1100	0.00545861785
1101	0.0057783101499999994
1102	0.0053373398
1103	0.0049927835
1104	0.0055996634
1105	0.0050539857
1106	0.0054507775
1107	0.005296344349999999
1108	0.0054929795
1109	0.00554052715
1110	0.00527343385
1111	0.0055172575
1112	0.0053140102
1113	0.0055473204500000005
1114	0.0052026785
1115	0.00513366485
1116	0.00508518885
1117	0.0051589695
1118	0.005296383599999999
1119	0.00521045835
1120	0.0055184979
1121	0.0054586128
1122	0.005431440500000001
1123	0.0058759898
1124	0.005207386
1125	0.00538186935
1126	0.0053205608000000005
1127	0.0053482778499999994
1128	0.0056667956500000005
1129	0.005483754
1130	0.00541546215
1131	0.0054097442
1132	0.00544531065
1133	0.0054828397
1134	0.005439831000000001
1135	0.00554139575
1136	0.005412984650000001
1137	0.00526345055
1138	0.0051994593499999995
1139	0.0054103139
1140	0.0053080877
1141	0.005312378999999999
1142	0.005526724200000001
1143	0.0055136911500000005
1144	0.005563259
1145	0.005274722
1146	0.005166696
1147	0.00524834185
1148	0.005221452350000001
1149	0.0052214063
1150	0.0053872437499999995
1151	0.005476928549999999
1152	0.0052039163
1153	0.00565713835
1154	0.00565225
1155	0.0056366478
1156	0.0054547926
1157	0.0053494483
1158	0.0053096658
1159	0.0053224421499999995
1160	0.0052974813
1161	0.005121622
1162	0.00523446755
1163	0.0054517568
1164	0.00539895795
1165	0.0051863955
1166	0.00505824665
1167	0.00548098125
1168	0.0048774232
1169	0.005499677099999999
1170	0.0053389015
1171	0.005659539
1172	0.00573029015
1173	0.0057225711499999995
1174	0.0057659572
1175	0.00541274785
1176	0.0052969484
1177	0.005346701000000001
1178	0.0051337285
1179	0.005369888749999999
1180	0.0055851757
1181	0.005523226650000001
1182	0.00546402575
1183	0.00535791015
1184	0.005154156
1185	0.0056079661
1186	0.00544069265
1187	0.0055383645
1188	0.0058795997999999995
1189	0.006815014499999999
1190	0.00672347015
1191	0.006632349399999999
1192	0.010570519
1193	0.006458631500000001
1194	0.00632813105
1195	0.00616068015
1196	0.00539480165
1197	0.00550601775
1198	0.005408395
1199	0.0055808969
1200	0.00577400235
1201	0.00600944885
1202	0.006110511349999999
1203	0.0066186463
1204	0.006256157
1205	0.00651942895
1206	0.006306022
1207	0.006340994149999999
1208	0.00612623775
1209	0.00621425215
1210	0.0076166355
1211	0.0064734185
1212	0.00673456515
1213	0.0065191599999999995
1214	0.00587955735
1215	0.005600384
1216	0.00559799115
1217	0.0056828861
1218	0.005497889799999999
1219	0.005812373500000001
1220	0.00577253365
1221	0.0056686523
1222	0.0057236566
1223	0.0052697363
1224	0.00542464595
1225	0.00573301435
1226	0.00520999485
1227	0.0050826098
1228	0.005321381199999999
1229	0.00518372065
1230	0.0051843827
1231	0.0052563276
1232	0.005367087499999999
1233	0.00558254935
1234	0.005450178
1235	0.0054941723
1236	0.00547582225
1237	0.0055468705
1238	0.005473465
1239	0.005137908
1240	0.005424259250000001
1241	0.00533510955
1242	0.00577154785
1243	0.005427860850000001
1244	0.0058631536000000005
1245	0.00591066775
1246	0.006086569699999999
1247	0.0061963300500000006
1248	0.00597690135
1249	0.00676227865
1250	0.0062755107000000004
1251	0.006404924499999999
1252	0.0070183124
1253	0.0065477325
1254	0.00696099415
1255	0.006138638199999999
1256	0.006383352449999999
1257	0.0061390685999999995
1258	0.00606751
1259	0.0059188148
1260	0.0056443405
1261	0.00594695785
1262	0.0060872793
1263	0.0059712398
1264	0.005983734500000001
1265	0.0060595957500000006
1266	0.0062298443
1267	0.0055589546999999994
1268	0.0055651329
1269	0.005838152
1270	0.005447833799999999
1271	0.0055745749
1272	0.0054499862
1273	0.00554227365
1274	0.0053858906
1275	0.0052022197999999995
1276	0.00567927215
1277	0.00555697615
1278	0.005836217750000001
1279	0.005667061100000001
1280	0.0056966215
1281	0.0057964761
1282	0.0051602947
1283	0.0055030536
1284	0.00540620985
1285	0.0058588254999999995
1286	0.0059573607
1287	0.005776798850000001
1288	0.0057839497500000005
1289	0.00545172765
1290	0.00548280915
1291	0.00559225375
1292	0.0054166028
1293	0.00578040515
1294	0.005804277699999999
1295	0.005492759
1296	0.0058692852
1297	0.005549209649999999
1298	0.005621071
1299	0.00573452235
1300	0.005162894350000001
1301	0.0058020573500000006
1302	0.005692908
1303	0.0055248677
1304	0.005560102000000001
1305	0.005810713249999999
1306	0.0054268385
1307	0.0056499967
1308	0.0058711763
1309	0.0055004293
1310	0.0057267481500000005
1311	0.0058287157499999995
1312	0.005467689
1313	0.00538060875
1314	0.0055824833
1315	0.00544137115
1316	0.0053557363
1317	0.00542869575
1318	0.00550998885
1319	0.0054903588
1320	0.005428369150000001
1321	0.005617580699999999
1322	0.005366876749999999
1323	0.0052088555
1324	0.00515972795
1325	0.00528389075
1326	0.005324325500000001
1327	0.00571103835
1328	0.00537120165
1329	0.0061588195
1330	0.00592586275
1331	0.005867569
1332	0.006016627
1333	0.0054372430000000005
1334	0.00554892625
1335	0.0055554886
1336	0.00541311945
1337	0.00564958625
1338	0.00519304565
1339	0.0054462880000000005
1340	0.005461413500000001
1341	0.00555240735
1342	0.005991533299999999
1343	0.0070513450000000005
1344	0.00620688545
1345	0.0077702567
1346	0.0077226078
1347	0.006694647
1348	0.006415385249999999
1349	0.00631269475
1350	0.0060045654
1351	0.0053542337499999995
1352	0.0056841271
1353	0.0055800985
1354	0.00573610575
1355	0.00570865565
1356	0.0059814025
1357	0.00569166165
1358	0.00592781165
1359	0.0057297943
1360	0.005409893000000001
1361	0.0054513061
1362	0.0053353954999999995
1363	0.006231920550000001
1364	0.0051531623
1365	0.0049534435500000005
1366	0.00494185875
1367	0.00514526895
1368	0.00532744575
1369	0.00534517555
1370	0.0056839156499999995
1371	0.00555665585
1372	0.005901118
1373	0.005749894849999999
1374	0.0058241617
1375	0.0055771845
1376	0.0053437615
1377	0.0053190079
1378	0.0052632566
1379	0.0052286125
1380	0.0052802998
1381	0.0057439665
1382	0.00587992065
1383	0.00583077825
1384	0.005524737700000001
1385	0.005633022999999999
1386	0.00543636715
1387	0.0051385693
1388	0.0052923815
1389	0.0051430472000000005
1390	0.005196059649999999
1391	0.005576799699999999
1392	0.005385425849999999
1393	0.00583301265
1394	0.00560188585
1395	0.00550655685
1396	0.005499242349999999
1397	0.0054784202
1398	0.00527136475
1399	0.0053001835
1400	0.0052162478000000005
1401	0.005309677850000001
1402	0.00583076805
1403	0.0056254258
1404	0.0061978707
1405	0.0064111433500000006
1406	0.00631369255
1407	0.006519868000000001
1408	0.005863134250000001
1409	0.0059141443
1410	0.005357702150000001
1411	0.005483027999999999
1412	0.00534630715
1413	0.0049803442
1414	0.00582569835
1415	0.006745956650000001
1416	0.00727007235
1417	0.00637608605
1418	0.00652875115
1419	0.0058951162
1420	0.00614165875
1421	0.005825016650000001
1422	0.0057440487499999995
1423	0.005646921650000001
1424	0.0061723855
1425	0.006714928
1426	0.0076942772
1427	0.008189103
1428	0.008696948
1429	0.012533542000000002
1430	0.008292347
1431	0.007561224200000001
1432	0.00642876165
1433	0.006054370799999999
1434	0.0057052727499999996
1435	0.005693814700000001
1436	0.005791157
1437	0.0051886777
1438	0.00553893775
1439	0.005809256550000001
1440	0.005794102749999999
1441	0.00596861355
1442	0.006382969
1443	0.00677468465
1444	0.006851017250000001
1445	0.00651452785
1446	0.006793593
1447	0.0065888249999999995
1448	0.005965822149999999
1449	0.00574164535
1450	0.005482066799999999
1451	0.0054934243
1452	0.0054758244999999995
1453	0.00515644715
1454	0.005393949549999999
1455	0.005105031899999999
1456	0.0050180552
1457	0.0047797576
1458	0.0053388053999999996
1459	0.0052813190000000005
1460	0.005600648
1461	0.0060138719
1462	0.005636202850000001
1463	0.0057736765
1464	0.0059379445
1465	0.00624142975
1466	0.0062717258
1467	0.00629152265
1468	0.00617914965
1469	0.0063927992
1470	0.0063824738
1471	0.00592090185
1472	0.0057471213
1473	0.00607063575
1474	0.005860204000000001
1475	0.00535310715
1476	0.005792485200000001
1477	0.00562484425
1478	0.0053904691499999996
1479	0.0054297515
1480	0.00553524985
1481	0.0055278028
1482	0.005577706500000001
1483	0.0057806913
1484	0.0055230752
1485	0.0055916307
1486	0.005497432199999999
1487	0.0055157437
1488	0.0060223708
1489	0.005244337999999999
1490	0.0055687714
1491	0.0054527775
1492	0.0053640175
1493	0.0051942967999999996
1494	0.005191732899999999
1495	0.005177053649999999
1496	0.00526385775
1497	0.00517971665
1498	0.00509231025
1499	0.005233845
1500	0.00519569885
1501	0.0051842346000000004
1502	0.005214212
1503	0.005344062849999999
1504	0.0053483689999999995
1505	0.00548161535
1506	0.0051572165
1507	0.00542855145
1508	0.005361146
1509	0.0053775028
1510	0.0056842212
1511	0.0054815231999999995
1512	0.0054174275000000004
1513	0.0056083591
1514	0.005164492
1515	0.0053684692
1516	0.00526917355
1517	0.0051305812
1518	0.0054755668
1519	0.005203225299999999
1520	0.005462344500000001
1521	0.0056179805000000005
1522	0.00528663225
1523	0.0056288161
1524	0.00560324515
1525	0.0056734243
1526	0.00592221865
1527	0.0053102238
1528	0.00562798575
1529	0.0057599856500000005
1530	0.005966089649999999
1531	0.005650783
1532	0.00582769765
1533	0.00560288945
1534	0.00546215385
1535	0.0053757797
1536	0.0053970573
1537	0.0051988095
1538	0.004956011
1539	0.0054081585
1540	0.0051139900499999995
1541	0.005502155
1542	0.0052598409
1543	0.005354537249999999
1544	0.0052377065
1545	0.005238731349999999
1546	0.00495105265
1547	0.0051938195
1548	0.005073085
1549	0.005457053
1550	0.0054750422
1551	0.0053922729999999995
1552	0.00554615185
1553	0.00544475865
1554	0.0056181711
1555	0.0053872142000000005
1556	0.0053497068
1557	0.005544661499999999
1558	0.0058087434
1559	0.0057596507000000005
1560	0.00578464615
1561	0.0055621804
1562	0.00609511725
1563	0.0054003386
1564	0.00593538615
1565	0.00576144615
1566	0.00592605
1567	0.005840320500000001
1568	0.0054410658
1569	0.00549976525
1570	0.0056650482
1571	0.006125878500000001
1572	0.00584674575
1573	0.00622683315
1574	0.0070372431
1575	0.00622063475
1576	0.0062893698500000005
1577	0.00597463315
1578	0.0064902727
1579	0.005864017649999999
1580	0.0060609368
1581	0.0058263198
1582	0.0052369504999999995
1583	0.00540349605
1584	0.0054163691
1585	0.0052493545
1586	0.0052127792999999995
1587	0.005455221350000001
1588	0.005688164799999999
1589	0.0057370327
1590	0.0054259822
1591	0.0056999845
1592	0.005469151699999999
1593	0.00549732765
1594	0.0051364112000000005
1595	0.005471456499999999
1596	0.0051252963
1597	0.0053490869
1598	0.00526889645
1599	0.005429173000000001
1600	0.005694046
1601	0.0052381256
1602	0.0055487585
1603	0.00520430525
1604	0.005826738599999999
1605	0.00555433625
1606	0.005471588999999999
1607	0.0055242699999999995
1608	0.00524873355
1609	0.005172682
1610	0.00543037465
1611	0.0053049398
1612	0.0052393271500000005
1613	0.0054496865
1614	0.0054610566999999995
1615	0.00523412525
1616	0.0053674958
1617	0.0052216258
1618	0.00528319995
1619	0.0051609667
1620	0.00529766115
1621	0.005374951899999999
1622	0.005332896199999999
1623	0.0054924918
1624	0.0054432971
1625	0.00569420285
1626	0.00594472025
1627	0.00586120315
1628	0.0059078405
1629	0.005666219
1630	0.005736335299999999
1631	0.00589919115
1632	0.0052717418
1633	0.0058334397
1634	0.005355897850000001
1635	0.00527667265
1636	0.005661811900000001
1637	0.005221563
1638	0.00516643815
1639	0.00549662115
1640	0.005520120999999999
1641	0.005667529399999999
1642	0.00516705575
1643	0.005154284699999999
1644	0.0053344075
1645	0.005454223499999999
1646	0.005548648999999999
1647	0.005631945249999999
1648	0.0053238653
1649	0.00511852975
1650	0.005539424249999999
1651	0.00507518065
1652	0.0050345536
1653	0.0052405002
1654	0.005056426750000001
1655	0.005157348649999999
1656	0.005202320999999999
1657	0.0049579468500000005
1658	0.005398408049999999
1659	0.005601399349999999
1660	0.005590962
1661	0.005651574150000001
1662	0.005429975
1663	0.0057304677
1664	0.0053839981499999995
1665	0.005465973
1666	0.0058678922000000005
1667	0.0067822531999999994
1668	0.0071729902
1669	0.006958047
1670	0.008577367999999998
1671	0.0078236645
1672	0.00675052265
1673	0.007076793349999999
1674	0.0066814026499999995
1675	0.00609675175
1676	0.006505580149999999
1677	0.006060196150000001
1678	0.00658166575
1679	0.00649546625
1680	0.0059756016999999995
1681	0.0059011385
1682	0.006049146300000001
1683	0.0059867259
1684	0.00610370585
1685	0.00604548815
1686	0.0070260708
1687	0.00597658075
1688	0.006339040149999999
1689	0.0059328577
1690	0.00562979745
1691	0.005823030850000001
1692	0.00571927585
1693	0.00548712625
1694	0.0057510405
1695	0.00555893895
1696	0.005767968
1697	0.0058518195
1698	0.0058222820500000005
1699	0.005590271
1700	0.00560510645
1701	0.0053590967000000005
1702	0.00580560135
1703	0.0054984795
1704	0.005860379
1705	0.0056765311500000006
1706	0.005575628149999999
1707	0.00571235615
1708	0.005808929000000001
1709	0.00536675145
1710	0.0057305242
1711	0.0053471781
1712	0.0049927544
1713	0.005086947999999999
1714	0.004870546999999999
1715	0.0048718032
1716	0.0047381236
1717	0.0047967265
1718	0.0048925385
1719	0.004608167999999999
1720	0.00496643875
1721	0.0050295155
1722	0.00489270475
1723	0.0055013223
1724	0.0052556927
1725	0.0054899045
1726	0.005360402849999999
1727	0.0055421265
1728	0.0053839460000000006
1729	0.0054800922500000005
1730	0.00538570715
1731	0.005256555499999999
1732	0.005708863749999999
1733	0.0058202874000000005
1734	0.005650049
1735	0.0059220622
1736	0.005578933750000001
1737	0.0057266355000000005
1738	0.0055511970999999995
1739	0.005305663
1740	0.005402549600000001
1741	0.0055749293500000005
1742	0.0055942367
1743	0.0058580835
1744	0.00568275895
1745	0.00554037115
1746	0.0056002588
1747	0.00562280465
1748	0.0056517739
1749	0.005724122199999999
1750	0.006201165850000001
1751	0.00607624635
1752	0.0059372963
1753	0.006479477
1754	0.0060780352
1755	0.0060694645
1756	0.005975599999999999
1757	0.005630667650000001
1758	0.005811657099999999
1759	0.00559221115
1760	0.005930438850000001
1761	0.005656639599999999
1762	0.00562464
1763	0.005616572699999999
1764	0.005409063
1765	0.00542152285
1766	0.00548918
1767	0.0053486573
1768	0.00547270595
1769	0.00571442235
1770	0.005470146
1771	0.005818709850000001
1772	0.005146703
1773	0.005552418050000001
1774	0.00531112825
1775	0.00511929265
1776	0.0053717177000000005
1777	0.00552652435
1778	0.005454967749999999
1779	0.005397916799999999
1780	0.0056544273499999995
1781	0.00546948125
1782	0.006360305299999999
1783	0.00613049255
1784	0.0060599150999999995
1785	0.008437682
1786	0.0066127348499999995
1787	0.00602149035
1788	0.006374769799999999
1789	0.0056906969
1790	0.0051518646
1791	0.00505084225
1792	0.0050518136500000005
1793	0.00513067715
1794	0.00495368765
1795	0.0050183875
1796	0.0052633377499999995
1797	0.0051455714999999996
1798	0.00517786315
1799	0.005452226649999999
1800	0.0054554341999999995
1801	0.005566756000000001
1802	0.00560849065
1803	0.0054164326500000005
1804	0.0055012185
1805	0.006074177849999999
1806	0.0063044475
1807	0.0070659308
1808	0.0064663811500000005
1809	0.00731801285
1810	0.0065365597
1811	0.0068483428499999995
1812	0.00651673365
1813	0.0057227912499999995
1814	0.006210604850000001
1815	0.0053493865
1816	0.00546235035
1817	0.005202141
1818	0.0052483955
1819	0.0055240025
1820	0.00514231555
1821	0.005463552
1822	0.00523609075
1823	0.005339793
1824	0.0054575838000000005
1825	0.0054618295
1826	0.005419373999999999
1827	0.0052509853
1828	0.0052375883
1829	0.00551459235
1830	0.00516725195
1831	0.005243987
1832	0.00554670115
1833	0.0053719685
1834	0.0054790468500000005
1835	0.005506449200000001
1836	0.00509232775
1837	0.0053906253
1838	0.005256759
1839	0.005361647799999999
1840	0.00533775025
1841	0.0053607854
1842	0.0054960223
1843	0.0057065437
1844	0.0055147337500000004
1845	0.0056909507
1846	0.0054783439
1847	0.0056258257
1848	0.0055033272
1849	0.00553706185
1850	0.005551462
1851	0.0052657127
1852	0.0053400965
1853	0.0052485055
1854	0.00558427115
1855	0.005518143299999999
1856	0.005630530700000001
1857	0.0053030295000000005
1858	0.005423527
1859	0.0054525031499999994
1860	0.00516172375
1861	0.005351028
1862	0.0054425862
1863	0.005384964700000001
1864	0.00576408475
1865	0.0058932355
1866	0.005758151499999999
1867	0.0060557878
1868	0.00601811415
1869	0.0057863253500000005
1870	0.00602499435
1871	0.00601259565
1872	0.0058408265
1873	0.00577654825
1874	0.00577489785
1875	0.0063443023
1876	0.00598338775
1877	0.00597441965
1878	0.00699001
1879	0.00629408835
1880	0.0063323888500000005
1881	0.00626242065
1882	0.0056489322
1883	0.0054562225
1884	0.00545682565
1885	0.00557386505
1886	0.00529880865
1887	0.0055536523499999995
1888	0.005655985299999999
1889	0.005337849
1890	0.0055744118999999995
1891	0.00567176495
1892	0.0060150963
1893	0.0057352952000000006
1894	0.005667597999999999
1895	0.0055473045
1896	0.0052557645
1897	0.0056869657
1898	0.0057059812
1899	0.0055649348
1900	0.0056376015
1901	0.0053576388999999995
1902	0.005250796449999999
1903	0.0051561825
1904	0.0053443948
1905	0.00544079085
1906	0.005440638649999999
1907	0.0052759153000000005
1908	0.005605524650000001
1909	0.005360689
1910	0.0056387396000000005
1911	0.005963465
1912	0.00561773265
1913	0.0059294933
1914	0.0056737295
1915	0.00560112835
1916	0.0053769275
1917	0.005702334999999999
1918	0.0053964615
1919	0.0055189591999999996
1920	0.0055293467
1921	0.00514535665
1922	0.0054925115
1923	0.005521798499999999
1924	0.005296970999999999
1925	0.00556769
1926	0.00542874975
1927	0.0057390649
1928	0.005676399
1929	0.005645389650000001
1930	0.005781763949999999
1931	0.0059539702
1932	0.0056136188
1933	0.00583244695
1934	0.005873965199999999
1935	0.0059424739
1936	0.00549630215
1937	0.0059993075
1938	0.0058978284
1939	0.00582410335
1940	0.0060397826500000005
1941	0.005393579149999999
1942	0.00594506855
1943	0.00587352695
1944	0.005358873
1945	0.0054698344
1946	0.00510350895
1947	0.0054205090000000004
1948	0.0052398785000000005
1949	0.0054791995
1950	0.0051908883
1951	0.00535578565
1952	0.0058069073499999995
1953	0.005385075
1954	0.005476471050000001
1955	0.0053528312500000005
1956	0.0056957182
1957	0.00556301465
1958	0.0058627822
1959	0.0059002512
1960	0.005785113350000001
1961	0.005455295
1962	0.0056499846
1963	0.005931905
1964	0.00574272405
1965	0.005739327649999999
1966	0.005762106499999999
1967	0.00553028185
1968	0.005406848499999999
1969	0.0059696483
1970	0.0056711156
1971	0.0055476762
1972	0.0057737946
1973	0.00551301025
1974	0.0050720342
1975	0.005006366
1976	0.0048772159499999995
1977	0.004781499
1978	0.00474157185
1979	0.005026652499999999
1980	0.00518975265
1981	0.0054808585
1982	0.00567217495
1983	0.0056626570499999996
1984	0.0055279828
1985	0.00556339935
1986	0.00561283935
1987	0.0057606262000000005
1988	0.00619286675
1989	0.00615750965
1990	0.0068156065
1991	0.00635487185
1992	0.007097924
1993	0.0063768060000000005
1994	0.0062230672
1995	0.006098418500000001
1996	0.005980203
1997	0.0057943471
1998	0.00557892765
1999	0.00587534325
2000	0.00563226715
2001	0.00553883
2002	0.005017047
2003	0.0052082137
2004	0.005191109650000001
2005	0.00553759
2006	0.0057074137
2007	0.0056956507
2008	0.00568301045
2009	0.00571802485
2010	0.005610450249999999
2011	0.00573941815
2012	0.0061372662500000005
2013	0.006183175400000001
2014	0.0057135375
2015	0.005617550650000001
2016	0.0055622749499999995
2017	0.00587304705
2018	0.0059598355
2019	0.0056680704
2020	0.0073257755
2021	0.00571880725
2022	0.0057050038
2023	0.0054852063
2024	0.0054939602
2025	0.005517233
2026	0.0059895668
2027	0.0066055486
2028	0.00592691495
2029	0.005394611499999999
2030	0.0055102072
2031	0.0052298562
2032	0.00511726615
2033	0.0051061995
2034	0.0052740525
2035	0.004870283899999999
2036	0.0051494021000000004
2037	0.005089157949999999
2038	0.004992125
2039	0.005129066
2040	0.00532056715
2041	0.0051299557
2042	0.00538266035
2043	0.005096155
2044	0.0052583725000000005
2045	0.0056553618
2046	0.00511545475
2047	0.0056940675
2048	0.00567235095
2049	0.0057462183499999995
2050	0.0053696758
2051	0.00546561085
2052	0.0053320352
2053	0.0051963136
2054	0.0053380674
2055	0.0051804642
2056	0.00549462065
2057	0.00524951095
2058	0.0056129852
2059	0.005589284
2060	0.00541942405
2061	0.00538306545
2062	0.005836125649999999
2063	0.0053068689
2064	0.0056377665
2065	0.005409829
2066	0.0054217265
2067	0.00543592685
2068	0.00540649715
2069	0.0053181038
2070	0.005733814
2071	0.00575668245
2072	0.0054738812
2073	0.00553609165
2074	0.005467573650000001
2075	0.005398970249999999
2076	0.005103443000000001
2077	0.0052783640500000005
2078	0.005279544650000001
2079	0.005211072000000001
2080	0.0049845575
2081	0.0052763408
2082	0.0054055100000000005
2083	0.005287716
2084	0.005400768949999999
2085	0.00536316445
2086	0.00515021175
2087	0.00525371275
2088	0.0051603993
2089	0.00532345125
2090	0.005338635499999999
2091	0.00584739275
2092	0.00553759915
2093	0.0057429865
2094	0.0055717809
2095	0.0057002235000000005
2096	0.0059232372000000005
2097	0.006012117500000001
2098	0.005842715199999999
2099	0.00711901535
2100	0.00565714485
2101	0.00663222985
2102	0.00678033135
2103	0.0064764068
2104	0.0074408778499999995
2105	0.0073068435
2106	0.00591923385
2107	0.0062572075000000005
2108	0.00589850545
2109	0.0056528847
2110	0.00561822485
2111	0.00557595375
2112	0.005666325349999999
2113	0.0057349467
2114	0.005610856
2115	0.00582937865
2116	0.00591911
2117	0.006394603699999999
2118	0.00677263085
2119	0.007857470500000002
2120	0.008396511
2121	0.0075892002
2122	0.006632802300000001
2123	0.0072428258
2124	0.00693247445
2125	0.006722189050000001
2126	0.009344048
2127	0.0067408681
2128	0.00661625505
2129	0.00663781235
2130	0.0058772847
2131	0.0059549649999999996
2132	0.0066816558
2133	0.00624402215
2134	0.00657119665
2135	0.006755004849999999
2136	0.00626438695
2137	0.006324849299999999
2138	0.006858819150000001
2139	0.00616078915
2140	0.0060417871
2141	0.0066934012
2142	0.00624779065
2143	0.0062754177999999996
2144	0.0075030285
2145	0.00631387555
2146	0.006126612
2147	0.005791505299999999
2148	0.0055071637
2149	0.00556559035
2150	0.0053283643
2151	0.0053220925
2152	0.00539146725
2153	0.0056075349
2154	0.00532601075
2155	0.005415728999999999
2156	0.005559606
2157	0.0053004618
2158	0.00566641545
2159	0.006147571649999999
2160	0.00590729685
2161	0.00596061395
2162	0.0056029067
2163	0.005422753
2164	0.0057319894
2165	0.00540063725
2166	0.005349661
2167	0.0058850815
2168	0.0053393951500000005
2169	0.0057980045000000004
2170	0.0056016795
2171	0.00566186105
2172	0.0056107384
2173	0.00570651575
2174	0.0054682695
2175	0.00536643995
2176	0.005208985
2177	0.005165549199999999
2178	0.0050886048
2179	0.0053290973
2180	0.005525587
2181	0.00556635715
2182	0.0059375044999999994
2183	0.0057546062999999995
2184	0.005792899
2185	0.0061503375
2186	0.006310001149999999
2187	0.0058551305
2188	0.0059675365000000005
2189	0.0056508749
2190	0.005560236200000001
2191	0.00588374835
2192	0.00565403785
2193	0.0055264558
2194	0.0054035752
2195	0.00513256945
2196	0.0051767764
2197	0.0053723867
2198	0.00518006285
2199	0.005248015050000001
2200	0.0051549662
2201	0.00497354125
2202	0.005073664800000001
2203	0.0060561004
2204	0.0059104335
2205	0.00558162515
2206	0.0056972575000000004
2207	0.005717054500000001
2208	0.00558424915
2209	0.005795939999999999
2210	0.005758818
2211	0.00550993515
2212	0.006125895
2213	0.005487194000000001
2214	0.0062706038500000005
2215	0.0058438585
2216	0.0055391465
2217	0.0060206893
2218	0.0056015152
2219	0.00556008835
2220	0.0057746555
2221	0.0058699176
2222	0.0057159115
2223	0.0057728542
2224	0.0057952985000000005
2225	0.0056288575
2226	0.0057229116
2227	0.0056026925
2228	0.00560525675
2229	0.005500397149999999
2230	0.005587600849999999
2231	0.0059300985
2232	0.0057158821500000005
2233	0.0059337218
2234	0.005762786799999999
2235	0.005497333
2236	0.0057760554
2237	0.00573135095
2238	0.0055880511499999995
2239	0.0054094806499999995
2240	0.005905315750000001
2241	0.005584558850000001
2242	0.006235567649999999
2243	0.006202916750000001
2244	0.00594855515
2245	0.006196464150000001
2246	0.006158453350000001
2247	0.0057602503
2248	0.005757699349999999
2249	0.00588232025
2250	0.006208165999999999
2251	0.00562314425
2252	0.0060598896999999995
2253	0.005873888
2254	0.005434616
2255	0.005952097700000001
2256	0.0058449893499999996
2257	0.0058767705
2258	0.0060060085
2259	0.00618419435
2260	0.0060334602
2261	0.006116349
2262	0.00555484135
2263	0.0055487695
2264	0.0050291398000000005
2265	0.004952680399999999
2266	0.00486509575
2267	0.005275413
2268	0.00515054585
2269	0.00589405485
2270	0.0063437175
2271	0.0054096419
2272	0.00550065585
2273	0.00558216085
2274	0.005158941
2275	0.0052252092500000005
2276	0.005249668
2277	0.005757787800000001
2278	0.0056702073499999995
2279	0.005764811
2280	0.00595594225
2281	0.006127961899999999
2282	0.006437781599999999
2283	0.00619417075
2284	0.0074343377500000005
2285	0.0069246019499999995
2286	0.006516939499999999
2287	0.006017148700000001
2288	0.00669357205
2289	0.0065230866
2290	0.0070262855
2291	0.0068803436999999995
2292	0.0068061727999999995
2293	0.006870784749999999
2294	0.0067079225
2295	0.0062178143
2296	0.006067084699999999
2297	0.00625796
2298	0.007320351399999999
2299	0.00642407685
2300	0.006762248
2301	0.007355150499999999
2302	0.00658265135
2303	0.0068120552
2304	0.00567972125
2305	0.0057864652
2306	0.0061852045
2307	0.005847133000000001
2308	0.0059060669
2309	0.0064637670000000005
2310	0.00589710185
2311	0.005605631650000001
2312	0.00550504575
2313	0.00533508475
2314	0.00525839
2315	0.005823244
2316	0.0055441542
2317	0.00570633025
2318	0.0057921964
2319	0.0061619193499999995
2320	0.0062466265
2321	0.00571982565
2322	0.0054149763
2323	0.0058144029
2324	0.0053455633500000006
2325	0.0054509633
2326	0.0056358828
2327	0.0061046343
2328	0.00572805935
2329	0.00571840115
2330	0.00553145845
2331	0.005676818300000001
2332	0.005857025949999999
2333	0.005513884
2334	0.0054085092
2335	0.0058820975
2336	0.0056742095
2337	0.005671644199999999
2338	0.0055998882
2339	0.00554127805
2340	0.005458110300000001
2341	0.005460249
2342	0.00562790125
2343	0.00563166715
2344	0.005952247
2345	0.0057388545
2346	0.0054542415
2347	0.00579133435
2348	0.0056206356999999995
2349	0.0061523479
2350	0.005884120500000001
2351	0.005736412
2352	0.0057940093
2353	0.006954625000000001
2354	0.00579355815
2355	0.0060743594
2356	0.0065912837499999995
2357	0.00570735965
2358	0.006625409
2359	0.0063398025
2360	0.0061887295
2361	0.007533132600000001
2362	0.0061607775
2363	0.00606026835
2364	0.0068979507499999995
2365	0.0061880467500000005
2366	0.00609794745
2367	0.0060711902500000005
2368	0.006303790050000001
2369	0.0056639229999999995
2370	0.0056021335
2371	0.006388603999999999
2372	0.006215965
2373	0.00679533555
2374	0.0067765742499999995
2375	0.006487322
2376	0.006199507
2377	0.0058347068000000005
2378	0.00579009255
2379	0.0054305507
2380	0.00539522035
2381	0.0054308970000000005
2382	0.0051976387500000006
2383	0.0050937529999999995
2384	0.00525057325
2385	0.0054647598999999995
2386	0.0054803049
2387	0.005244692049999999
2388	0.00551170855
2389	0.0054016538
2390	0.0055625317
2391	0.0053952658
2392	0.005577328750000001
2393	0.0053961415
2394	0.0054056765
2395	0.00522285095
2396	0.00503422385
2397	0.0053580337499999995
2398	0.005578389749999999
2399	0.005828029950000001
2400	0.0062519846499999995
2401	0.00632306565
2402	0.006432420999999999
2403	0.0078360165
2404	0.007312950150000001
2405	0.008813646750000001
2406	0.0095305995
2407	0.00693806175
2408	0.006684279
2409	0.0061275888
2410	0.0057609663
2411	0.00552013845
2412	0.0055092752
2413	0.0052403342
2414	0.00565363065
2415	0.00539601015
2416	0.00538385715
2417	0.0056513208500000005
2418	0.0051317902
2419	0.00523687085
2420	0.0052659458
2421	0.0057245833500000004
2422	0.005752688650000001
2423	0.0055518733
2424	0.0057924399
2425	0.0055549091999999994
2426	0.005482149
2427	0.0051530217
2428	0.0054860696999999995
2429	0.0052669138
2430	0.00516030325
2431	0.005375537599999999
2432	0.00530457365
2433	0.0053334891999999995
2434	0.005542521
2435	0.0052673618
2436	0.0052581187
2437	0.00522549235
2438	0.005394290249999999
2439	0.005456064850000001
2440	0.0051505987
2441	0.0054565805000000005
2442	0.0052744215
2443	0.00529015945
2444	0.0051804145
2445	0.005592145
2446	0.005604875299999999
2447	0.0053268312500000005
2448	0.0056767052500000005
2449	0.005227809999999999
2450	0.005507196000000001
2451	0.00533109435
2452	0.0052605452
2453	0.005332664500000001
2454	0.005482038999999999
2455	0.0054181572
2456	0.005774414300000001
2457	0.0056085301
2458	0.005613330349999999
2459	0.0057283922
2460	0.00550663635
2461	0.00517846565
2462	0.00513134755
2463	0.0051753405
2464	0.0053256994999999994
2465	0.0053668815
2466	0.0054248968499999994
2467	0.005649681699999999
2468	0.00555687115
2469	0.00558028885
2470	0.00531551495
2471	0.0053002859999999995
2472	0.0050651759
2473	0.0051293465
2474	0.0051854572
2475	0.005100309149999999
2476	0.0051120217
2477	0.0051274956
2478	0.00523879445
2479	0.0061466075
2480	0.006875813
2481	0.00751831245
2482	0.00736314035
2483	0.007172593
2484	0.0064241483500000005
2485	0.005838165750000001
2486	0.0061652032
2487	0.00581072365
2488	0.0056677138
2489	0.00556446025
2490	0.00566591995
2491	0.00588175745
2492	0.0055282074
2493	0.005889997
2494	0.006185995200000001
2495	0.00547562725
2496	0.00550927075
2497	0.0056354065000000005
2498	0.00575776815
2499	0.0056190997
2500	0.0057811220000000005
2501	0.005674519750000001
2502	0.005556062299999999
2503	0.005627090499999999
2504	0.005766103849999999
2505	0.005704265599999999
2506	0.006513541500000001
2507	0.005744346650000001
2508	0.0057426253
2509	0.0058856606
2510	0.0054024577
2511	0.00554703665
2512	0.0052503064999999995
2513	0.00515630675
2514	0.005466620699999999
2515	0.0055544893
2516	0.0054451795
2517	0.0050993783
2518	0.004978331
2519	0.0052654148
2520	0.0052920697
2521	0.0052642485
2522	0.00533441965
2523	0.006141677850000001
2524	0.0056904057
2525	0.00528607515
2526	0.006026076599999999
2527	0.005556011599999999
2528	0.00537394825
2529	0.00678487625
2530	0.005713747700000001
2531	0.006131139800000001
2532	0.00613848385
2533	0.00556366565
2534	0.005650688649999999
2535	0.005688696300000001
2536	0.005475937200000001
2537	0.0062388240000000005
2538	0.00606160575
2539	0.0057850555
2540	0.00567314675
2541	0.0055526271499999995
2542	0.0052116985
2543	0.0056484125
2544	0.00612995335
2545	0.00557764365
2546	0.006100775249999999
2547	0.005755661699999999
2548	0.0053226292
2549	0.0054649005
2550	0.00552450715
2551	0.00562104815
2552	0.005451568299999999
2553	0.005416210249999999
2554	0.0061998803
2555	0.005345658999999999
2556	0.0056703673
2557	0.0058883992
2558	0.0053684106500000005
2559	0.005549657750000001
2560	0.005698071549999999
2561	0.0057525337
2562	0.0065158955000000005
2563	0.00623194805
2564	0.005905546500000001
2565	0.00606837185
2566	0.00545724155
2567	0.00526863615
2568	0.005382036
2569	0.0052890477000000005
2570	0.00523824895
2571	0.00575810235
2572	0.0054570001
2573	0.006047665099999999
2574	0.005753451349999999
2575	0.00569881075
2576	0.0058590099999999996
2577	0.0059682629
2578	0.0060336229
2579	0.0053982705
2580	0.00550680185
2581	0.005205128
2582	0.00555373215
2583	0.0053915195499999995
2584	0.0056251771999999995
2585	0.0055135375
2586	0.00526806415
2587	0.005648947
2588	0.005922777000000001
2589	0.005489956149999999
2590	0.0054295557
2591	0.00555789985
2592	0.005496180349999999
2593	0.00508989135
2594	0.005378202800000001
2595	0.005403033850000001
2596	0.005405795349999999
2597	0.0057195884
2598	0.00541095325
2599	0.005513359150000001
2600	0.00570015725
2601	0.00592451965
2602	0.00607099075
2603	0.0058117171499999995
2604	0.0058208783
2605	0.00550555185
2606	0.00557592915
2607	0.0055066589
2608	0.005576776
2609	0.005717981
2610	0.006123307750000001
2611	0.0057273497
2612	0.00568131545
2613	0.005449645249999999
2614	0.0061199307500000005
2615	0.00600179
2616	0.00714764475
2617	0.00684803745
2618	0.006342206750000001
2619	0.0066072873
2620	0.005947138499999999
2621	0.0056491436
2622	0.0061768742
2623	0.0054624025
2624	0.0054424387500000004
2625	0.00578344665
2626	0.006162738500000001
2627	0.005720929
2628	0.005738638799999999
2629	0.005708633499999999
2630	0.005565934749999999
2631	0.0057724588
2632	0.00565527985
2633	0.00576821595
2634	0.0054912998
2635	0.0057702481
2636	0.00548825135
2637	0.005570579700000001
2638	0.0055785882
2639	0.00538735085
2640	0.00567404065
2641	0.0057028793
2642	0.00582107115
2643	0.0055316485
2644	0.00557058005
2645	0.0054972714
2646	0.005656303999999999
2647	0.005908508999999999
2648	0.005736987
2649	0.00567204125
2650	0.0064661543000000005
2651	0.00543249
2652	0.005457682
2653	0.00543539635
2654	0.0055407370000000004
2655	0.0055456667
2656	0.0054006067
2657	0.0053560917
2658	0.0054568822500000004
2659	0.0053335191
2660	0.004878714649999999
2661	0.005356144
2662	0.0051738222
2663	0.0052548813
2664	0.0052283821500000004
2665	0.0055127684
2666	0.0054952905
2667	0.0055834162
2668	0.005459655549999999
2669	0.0060754588
2670	0.005358073200000001
2671	0.0056446358000000006
2672	0.00564865305
2673	0.00498981125
2674	0.0051266833
2675	0.005146651800000001
2676	0.00511569175
2677	0.00556293035
2678	0.005512910900000001
2679	0.005500158200000001
2680	0.00546474935
2681	0.00525687715
2682	0.0059935473
2683	0.00565508935
2684	0.00579523315
2685	0.005665590999999999
2686	0.0056660389500000005
2687	0.005468317299999999
2688	0.0050545667499999995
2689	0.0053143949999999995
2690	0.0054165791
2691	0.005323115749999999
2692	0.0052647875
2693	0.0055183305
2694	0.00560036335
2695	0.0056854218
2696	0.0053079927
2697	0.006404988
2698	0.005665914250000001
2699	0.005940983150000001
2700	0.005886364
2701	0.0060733045000000005
2702	0.00538101925
2703	0.0056869943
2704	0.0057633943
2705	0.005690160999999999
2706	0.00616163185
2707	0.0060478265
2708	0.007092922749999999
2709	0.0076734415
2710	0.0067496551
2711	0.0072500338
2712	0.0075275363
2713	0.008762371000000001
2714	0.0069378037
2715	0.007667446850000001
2716	0.00689849465
2717	0.00614404305
2718	0.006215523000000001
2719	0.0061014699
2720	0.0056480995
2721	0.0055315111500000005
2722	0.005863903
2723	0.0057724565
2724	0.005799543000000001
2725	0.0064229895
2726	0.006041761
2727	0.0061336394999999995
2728	0.006361535999999999
2729	0.0066934033
2730	0.00673530225
2731	0.006583564950000001
2732	0.007229715899999999
2733	0.00624148515
2734	0.006109741849999999
2735	0.00595179155
2736	0.006066076
2737	0.0060675412
2738	0.0058133415
2739	0.00615726875
2740	0.0052680745
2741	0.0055984999
2742	0.005460014149999999
2743	0.00566240495
2744	0.0058815202
2745	0.0056136250000000006
2746	0.0054604037
2747	0.0053909757999999995
2748	0.005298385
2749	0.005481298650000001
2750	0.005332099
2751	0.0052926829
2752	0.0055251803
2753	0.0054293724
2754	0.0053671855
2755	0.0055772849999999995
2756	0.0056683513999999996
2757	0.005484180999999999
2758	0.00514228875
2759	0.0053270848
2760	0.00539330885
2761	0.00583451275
2762	0.0051606125
2763	0.005249989700000001
2764	0.0057152498500000004
2765	0.005359889499999999
2766	0.00520172235
2767	0.0052437936
2768	0.0051788071
2769	0.00553495815
2770	0.005790502
2771	0.00571563585
2772	0.00608113385
2773	0.0056221469
2774	0.005505117
2775	0.0058575491499999995
2776	0.0059330875500000005
2777	0.0059984725
2778	0.005672124949999999
2779	0.00559101675
2780	0.0054632655999999995
2781	0.00543186485
2782	0.00584360135
2783	0.005809630999999999
2784	0.00607325995
2785	0.005874085899999999
2786	0.0062772715
2787	0.006306489
2788	0.006002962650000001
2789	0.00634024245
2790	0.00580512585
2791	0.006113042149999999
2792	0.006100959
2793	0.00575752035
2794	0.005923785500000001
2795	0.00565239565
2796	0.00588684855
2797	0.00542823815
2798	0.00573763065
2799	0.00534467795
2800	0.0053855041
2801	0.0053185587
2802	0.0055871962
2803	0.0057916685
2804	0.0055101483
2805	0.00566969775
2806	0.0055329427
2807	0.0053351857
2808	0.0053734349
2809	0.005388765700000001
2810	0.0053513207
2811	0.005440666550000001
2812	0.005048122049999999
2813	0.0054192195
2814	0.00565184475
2815	0.00540764955
2816	0.0055393613
2817	0.005694119950000001
2818	0.00547163305
2819	0.00570696125
2820	0.0054510096999999995
2821	0.0055723687
2822	0.00544904665
2823	0.0055212944
2824	0.0052910423
2825	0.005396581500000001
2826	0.005446029200000001
2827	0.0058066312000000005
2828	0.0058359202499999995
2829	0.005775525
2830	0.005903777650000001
2831	0.00575680075
2832	0.0057895407
2833	0.00589336235
2834	0.0055883969000000006
2835	0.00571807635
2836	0.0057739203499999996
2837	0.00552099375
2838	0.0058858988
2839	0.00611931085
2840	0.0057807113
2841	0.005881311
2842	0.0053252722999999995
2843	0.0054709153
2844	0.0062006948999999995
2845	0.006396095
2846	0.0067601892
2847	0.008427431
2848	0.0073647009999999995
2849	0.007667794
2850	0.00841425325
2851	0.00618855515
2852	0.006376528350000001
2853	0.0059968415
2854	0.00580805885
2855	0.0061089797
2856	0.0074919311500000006
2857	0.00629954825
2858	0.006650933999999999
2859	0.0061794557
2860	0.00560855975
2861	0.00564013335
2862	0.00539180765
2863	0.005310803899999999
2864	0.005624729
2865	0.00525399365
2866	0.0052750095
2867	0.0055044581500000005
2868	0.0056338981
2869	0.0056781899
2870	0.00566131735
2871	0.0055309802499999994
2872	0.00530400115
2873	0.00529615885
2874	0.005373167349999999
2875	0.0049608075
2876	0.0049421033
2877	0.005313567350000001
2878	0.0053086025000000005
2879	0.0055904279
2880	0.0055215685
2881	0.00563240515
2882	0.0053641825
2883	0.0054036968500000004
2884	0.0054112859999999995
2885	0.005405412849999999
2886	0.00535092975
2887	0.005293358749999999
2888	0.0052910958
2889	0.0055726383
2890	0.00540367865
2891	0.0055979624999999995
2892	0.0053530628500000005
2893	0.00532631415
2894	0.005485034000000001
2895	0.005544195449999999
2896	0.0054202457
2897	0.00582996235
2898	0.0058491872000000006
2899	0.0059243746
2900	0.00609671025
2901	0.0056777278500000005
2902	0.005832347999999999
2903	0.0061266837
2904	0.0058501004
2905	0.0054978317
2906	0.0052445753
2907	0.00561557825
2908	0.00529624435
2909	0.0052384219999999995
2910	0.0050392556000000005
2911	0.0055673612
2912	0.00578540355
2913	0.00575376425
2914	0.006558955799999999
2915	0.00617839225
2916	0.00581001285
2917	0.00595686885
2918	0.0053224182500000005
2919	0.0053360515
2920	0.005290280499999999
2921	0.005067795999999999
2922	0.0053794668
2923	0.0052716747
2924	0.00567549665
2925	0.005596406999999999
2926	0.0058637623
2927	0.00642708125
2928	0.00569024515
2929	0.0059048213
2930	0.0059244975000000005
2931	0.0057798707
2932	0.0057369937999999995
2933	0.00619803385
2934	0.0056086583
2935	0.005614516999999999
2936	0.0056679074999999995
2937	0.00553954315
2938	0.0057227102
2939	0.0058424793
2940	0.0054280945
2941	0.0055971873499999995
2942	0.0056760525499999995
2943	0.005777764100000001
2944	0.00567571935
2945	0.00591557355
2946	0.005832090349999999
2947	0.0061217828
2948	0.0059024118
2949	0.00587884275
2950	0.006207218400000001
2951	0.00606448385
2952	0.0061208666
2953	0.0058352557999999995
2954	0.0066082255
2955	0.00575108465
2956	0.005660537849999999
2957	0.00582466965
2958	0.005780023549999999
2959	0.00586413165
2960	0.00668022365
2961	0.0064826815
2962	0.0063154515
2963	0.0063516278
2964	0.0057817125
2965	0.005558488449999999
2966	0.0059459709999999995
2967	0.00590496585
2968	0.00595486815
2969	0.0066990448
2970	0.007337703750000001
2971	0.0085612065
2972	0.0074953208
2973	0.006585674749999999
2974	0.00767009465
2975	0.0064751015
2976	0.0056878755
2977	0.005961235149999999
2978	0.00622944875
2979	0.0056649542
2980	0.00572424715
2981	0.005381979
2982	0.0054923212
2983	0.0051541200500000005
2984	0.0061105013
2985	0.0056334626500000005
2986	0.0063519032
2987	0.0063153053
2988	0.00610724925
2989	0.0067448896500000004
2990	0.0063009525
2991	0.005594677100000001
2992	0.005799722849999999
2993	0.00583758335
2994	0.00562645135
2995	0.006042500199999999
2996	0.0053569763
2997	0.005329489
2998	0.0055649215
2999	0.00548148245
3000	0.0056155045
3001	0.0051349717
3002	0.005426522099999999
3003	0.0055036587000000005
3004	0.005415377800000001
3005	0.00510536485
3006	0.00511948875
3007	0.0051206129
3008	0.0050739266499999994
3009	0.0048679371499999995
3010	0.0052066925
3011	0.00503258465
3012	0.0050621985
3013	0.0052399804
3014	0.005508810499999999
3015	0.00532909485
3016	0.00568754455
3017	0.0059400315
3018	0.0060237994999999996
3019	0.0061142589999999995
3020	0.00603364405
3021	0.005800844499999999
3022	0.0053716176
3023	0.00528835825
3024	0.00517169645
3025	0.005508131249999999
3026	0.0055908165
3027	0.006263427
3028	0.00703022165
3029	0.0057986602
3030	0.005706717300000001
3031	0.0053442114999999995
3032	0.00559870085
3033	0.005552412049999999
3034	0.0056835952499999995
3035	0.00591668335
3036	0.00619632725
3037	0.00569794175
3038	0.0056212175
3039	0.0058443277000000005
3040	0.005843179
3041	0.00613722115
3042	0.0052394552
3043	0.005775756999999999
3044	0.0054395986
3045	0.0054032365
3046	0.00551599845
3047	0.0055643908
3048	0.005593508
3049	0.00552675975
3050	0.00527588555
3051	0.0051020002
3052	0.0051552372
3053	0.004971935
3054	0.0055222002499999995
3055	0.005210346500000001
3056	0.0051277003
3057	0.0054859963000000005
3058	0.0054945841
3059	0.005389301000000001
3060	0.0060221974
3061	0.005911337500000001
3062	0.00591881155
3063	0.0067889075
3064	0.006159911400000001
3065	0.005732554250000001
3066	0.006557584199999999
3067	0.00621472085
3068	0.006077046500000001
3069	0.006438688000000001
3070	0.005771386449999999
3071	0.006483501
3072	0.0060273839499999995
3073	0.00602824215
3074	0.0061263497
3075	0.0057845688499999996
3076	0.005577327
3077	0.00531424035
3078	0.005704295
3079	0.0051255645
3080	0.0053890995
3081	0.0056460239999999995
3082	0.00557985915
3083	0.00561813
3084	0.00599101815
3085	0.00568861375
3086	0.005836712000000001
3087	0.0057187526500000006
3088	0.00606203075
3089	0.007353209150000001
3090	0.00623767675
3091	0.00598056265
3092	0.00587833125
3093	0.006161178749999999
3094	0.005990786
3095	0.006118811
3096	0.0065604305
3097	0.00613528885
3098	0.0061568435
3099	0.00634731235
3100	0.0063885619
3101	0.0057640306
3102	0.00576564415
3103	0.005696754700000001
3104	0.00560034995
3105	0.005436330749999999
3106	0.0055092075
3107	0.0053905643
3108	0.0051782085
3109	0.0054225438
3110	0.0057507242000000005
3111	0.0055379467
3112	0.0060396907
3113	0.0072685096000000005
3114	0.006943009
3115	0.007647806500000001
3116	0.0135020585
3117	0.007840881000000001
3118	0.007795047
3119	0.00748974065
3120	0.00692027185
3121	0.00713344615
3122	0.00668403085
3123	0.010108840000000001
3124	0.00630846
3125	0.006228909499999999
3126	0.005931106199999999
3127	0.00528632405
3128	0.0055111662
3129	0.0051653958
3130	0.0048878468
3131	0.005016492
3132	0.00511014345
3133	0.00524947485
3134	0.005499022250000001
3135	0.00532027175
3136	0.0056254842
3137	0.0056178616
3138	0.005967749499999999
3139	0.005808811
3140	0.0057432588
3141	0.0054925841
3142	0.00589628145
3143	0.00553124475
3144	0.0055502963
3145	0.00550745115
3146	0.005342983799999999
3147	0.0054602253
3148	0.00560297765
3149	0.005800381
3150	0.00557701545
3151	0.005464288899999999
3152	0.0052778645
3153	0.0053073323
3154	0.0055417117
3155	0.005480053300000001
3156	0.0056727045
3157	0.0062761687
3158	0.00571399125
3159	0.00544031285
3160	0.007437431999999999
3161	0.00526761985
3162	0.0053898329
3163	0.0054378167
3164	0.00532624565
3165	0.005419625500000001
3166	0.005768361750000001
3167	0.0054399016500000005
3168	0.0056284079
3169	0.005525676849999999
3170	0.0052776555499999996
3171	0.0054623445
3172	0.0053225058
3173	0.0058067188
3174	0.0061436150999999994
3175	0.0059893558
3176	0.0067258158
3177	0.0068195452999999994
3178	0.006575309499999999
3179	0.0065698421
3180	0.0061877705
3181	0.0061732318500000005
3182	0.0065709181
3183	0.0080051575
3184	0.0062902303
3185	0.007730493299999999
3186	0.0061920042
3187	0.006376911900000001
3188	0.00615057515
3189	0.00591754085
3190	0.0066652102000000005
3191	0.0059926845
3192	0.006070413849999999
3193	0.006086542950000001
3194	0.00596014585
3195	0.0063513712
3196	0.006322037500000001
3197	0.00643763
3198	0.006233492
3199	0.00720619015
3200	0.00596836815
3201	0.0058653958
3202	0.0057682645
3203	0.0056414711999999995
3204	0.005532648500000001
3205	0.005635397
3206	0.00567766185
3207	0.00558568
3208	0.005400803649999999
3209	0.0050578085
3210	0.0053490086
3211	0.00542782155
3212	0.0056062201
3213	0.00556937125
3214	0.0056487080000000005
3215	0.00556661715
3216	0.0059235136
3217	0.005752982350000001
3218	0.0059689409
3219	0.0059877561999999995
3220	0.0060268127
3221	0.006014341499999999
3222	0.006065878100000001
3223	0.0057203068999999995
3224	0.005613327699999999
3225	0.0056790742
3226	0.0058935142999999995
3227	0.0060121663500000005
3228	0.0062906938
3229	0.005862298249999999
3230	0.00669722575
3231	0.0085701415
3232	0.0065485000000000005
3233	0.00630722825
3234	0.006229827300000001
3235	0.005434193150000001
3236	0.005467013
3237	0.005262942699999999
3238	0.0052200989
3239	0.005089198499999999
3240	0.00541356525
3241	0.00568316275
3242	0.00655638865
3243	0.00608228715
3244	0.00573684725
3245	0.00611111035
3246	0.0057098223
3247	0.0057960467
3248	0.00541915915
3249	0.00553220015
3250	0.00567482245
3251	0.0060468253
3252	0.0058064098000000005
3253	0.0054590527000000005
3254	0.005356203
3255	0.00527286435
3256	0.005536930400000001
3257	0.00538266965
3258	0.0053717361500000005
3259	0.00556051015
3260	0.00570031765
3261	0.00522206115
3262	0.0056602645
3263	0.00558794725
3264	0.00545005965
3265	0.00553696345
3266	0.00505803295
3267	0.0053681352000000005
3268	0.0050626386499999995
3269	0.0052991748
3270	0.005491757999999999
3271	0.0056907332
3272	0.0054295443
3273	0.0053870857000000005
3274	0.005435958500000001
3275	0.005383248
3276	0.0053402560500000005
3277	0.0053481785
3278	0.005665236650000001
3279	0.0054735525
3280	0.005273102
3281	0.00600384635
3282	0.005335377799999999
3283	0.0053693405
3284	0.00550420565
3285	0.00527103915
3286	0.00503286365
3287	0.005227753700000001
3288	0.00525359815
3289	0.005471304
3290	0.0054259157499999995
3291	0.0053949675
3292	0.005314258499999999
3293	0.005466519
3294	0.0055349935
3295	0.0053181777
3296	0.005499832499999999
3297	0.0059744907
3298	0.005485915
3299	0.0057544595
3300	0.0054212748
3301	0.0057930765
3302	0.005562434
3303	0.005487129800000001
3304	0.00538964965
3305	0.0052153165
3306	0.0051817422499999995
3307	0.005419744150000001
3308	0.00555207115
3309	0.0057013285
3310	0.0064814274
3311	0.0057408779
3312	0.005896791
3313	0.006614191300000001
3314	0.0061688952500000005
3315	0.0056459853499999995
3316	0.005468223349999999
3317	0.00555734545
3318	0.00541067915
3319	0.0057692863
3320	0.00598539785
3321	0.00594422295
3322	0.006051359
3323	0.00647946615
3324	0.0065330735
3325	0.00642070275
3326	0.0068259735
3327	0.00756135465
3328	0.006325324300000001
3329	0.0058848483
3330	0.005726905
3331	0.0052833154
3332	0.00546882025
3333	0.00519553275
3334	0.00520239415
3335	0.005137256
3336	0.0052585134
3337	0.0052262365
3338	0.005141840849999999
3339	0.0056134062499999995
3340	0.0056395968000000005
3341	0.0056389958
3342	0.006237255000000001
3343	0.006015245650000001
3344	0.0059483091
3345	0.00596918835
3346	0.005718813849999999
3347	0.00597783185
3348	0.00598109925
3349	0.0055189500500000006
3350	0.00511017395
3351	0.0055131977999999995
3352	0.0055588615
3353	0.005348293150000001
3354	0.005645563
3355	0.0055897863
3356	0.0060420955
3357	0.0063331076
3358	0.0069981395
3359	0.00745733455
3360	0.0073822278
3361	0.008157313
3362	0.00745573
3363	0.008214883
3364	0.010329110499999999
3365	0.008940469999999999
3366	0.009207399
3367	0.007605397850000001
3368	0.011169875
3369	0.0075225417
3370	0.00711916325
3371	0.0066504774
3372	0.00624852115
3373	0.0060116514999999995
3374	0.0059079630000000005
3375	0.005881497
3376	0.005564107
3377	0.005856224
3378	0.0052541189
3379	0.005287249
3380	0.0052200535
3381	0.00563621865
3382	0.005508984
3383	0.00592849125
3384	0.006089646
3385	0.00616180525
3386	0.008111872249999999
3387	0.0066464596499999995
3388	0.00659498815
3389	0.00692018035
3390	0.00638411985
3391	0.00555118405
3392	0.0054669055
3393	0.005565205
3394	0.005472677300000001
3395	0.00516386705
3396	0.004958585
3397	0.00516265515
3398	0.005533627300000001
3399	0.005679404800000001
3400	0.00579082515
3401	0.0060200687
3402	0.006327732500000001
3403	0.0067079598499999995
3404	0.006270959499999999
3405	0.0060134285
3406	0.0061309625
3407	0.0054136309999999995
3408	0.0049284925
3409	0.004979404999999999
3410	0.0054646485
3411	0.0049814423
3412	0.00512032
3413	0.00548088085
3414	0.00509018755
3415	0.0051685782
3416	0.005635306
3417	0.0054594442
3418	0.0055471819
3419	0.0057263526
3420	0.006724272349999999
3421	0.0064991518
3422	0.00616524215
3423	0.00678784655
3424	0.0066945476
3425	0.006896944699999999
3426	0.007102851549999999
3427	0.0070703182
3428	0.00662691075
3429	0.006416673499999999
3430	0.0058137832
3431	0.0056056878
3432	0.005507645
3433	0.0057597525
3434	0.00554336325
3435	0.0059576290999999995
3436	0.005530622800000001
3437	0.0056522107
3438	0.00586775925
3439	0.006834627100000001
3440	0.0066284257
3441	0.008241198
3442	0.008842945000000001
3443	0.009858856499999999
3444	0.011520843
3445	0.007889824
3446	0.008313853999999999
3447	0.00729917775
3448	0.0060640065
3449	0.0060154556000000005
3450	0.0059503848
3451	0.0060830738
3452	0.006330444500000001
3453	0.005694519499999999
3454	0.0060393014
3455	0.00562695265
3456	0.006296652999999999
3457	0.005716912900000001
3458	0.00600211735
3459	0.0065667608500000006
3460	0.00606870335
3461	0.00621021265
3462	0.0066447278999999995
3463	0.0060134468
3464	0.006155327299999999
3465	0.006137791300000001
3466	0.006666096749999999
3467	0.009142731
3468	0.0065728672499999995
3469	0.006417404349999999
3470	0.0062732075
3471	0.0056279003000000005
3472	0.0054348862
3473	0.00545115
3474	0.0053253544
3475	0.0052886215
3476	0.0053546539999999995
3477	0.00556257015
3478	0.00561162165
3479	0.00576103805
3480	0.0058362781999999995
3481	0.00543789675
3482	0.0052677461500000005
3483	0.00529034865
3484	0.0051221895
3485	0.00489649275
3486	0.00524845715
3487	0.0050907587
3488	0.00488488365
3489	0.005032754
3490	0.0049812859
3491	0.00484590865
3492	0.0050510937
3493	0.005403527
3494	0.005462644149999999
3495	0.005631397749999999
3496	0.00573946605
3497	0.0054566303
3498	0.005364977349999999
3499	0.0052378254999999995
3500	0.00529302575
3501	0.005443567350000001
3502	0.0052176036499999995
3503	0.0053240088
3504	0.005541922150000001
3505	0.00567372095
3506	0.0057031545
3507	0.0055881432
3508	0.00532840425
3509	0.0052743700000000004
3510	0.00565514555
3511	0.0050160137
3512	0.00493615985
3513	0.00519445745
3514	0.0049415247
3515	0.0050180547999999995
3516	0.004855017
3517	0.0049934415
3518	0.0052595417
3519	0.005329223500000001
3520	0.00548531035
3521	0.00557099635
3522	0.0056322188500000005
3523	0.007110313
3524	0.00672613155
3525	0.00727013315
3526	0.011066308
3527	0.0068202830999999995
3528	0.00708213135
3529	0.00654105445
3530	0.00646620015
3531	0.00555955465
3532	0.00541815665
3533	0.005632735999999999
3534	0.0053952522
3535	0.0056814989
3536	0.0058305705
3537	0.00538861315
3538	0.005964439850000001
3539	0.0055651204999999995
3540	0.00571720625
3541	0.005642442399999999
3542	0.0055510907000000005
3543	0.00539991235
3544	0.005731889
3545	0.005568184700000001
3546	0.00580049165
3547	0.00604395785
3548	0.0060424345
3549	0.0061824926499999995
3550	0.006018695750000001
3551	0.0063824417
3552	0.006068009649999999
3553	0.006324711849999999
3554	0.005822754449999999
3555	0.005667634350000001
3556	0.0057246247
3557	0.005489012
3558	0.0053972944
3559	0.00524276145
3560	0.0053017675
3561	0.005576316499999999
3562	0.0058607131
3563	0.005759162700000001
3564	0.00542506645
3565	0.00590076785
3566	0.00547709375
3567	0.0055109845
3568	0.005564465750000001
3569	0.0053995718
3570	0.00580509225
3571	0.0053209483
3572	0.0052329375
3573	0.005896676599999999
3574	0.005497991799999999
3575	0.0055400375
3576	0.00539695185
3577	0.0050929167
3578	0.00508938135
3579	0.005269969
3580	0.0050236755
3581	0.0049630460000000005
3582	0.0049164408
3583	0.005032192499999999
3584	0.005294205999999999
3585	0.005170121999999999
3586	0.00533210535
3587	0.0052207641
3588	0.0053035370000000005
3589	0.005321579999999999
3590	0.005277146349999999
3591	0.005474701
3592	0.0054519358
3593	0.005943532200000001
3594	0.0056188661
3595	0.0057084465000000004
3596	0.005504685950000001
3597	0.005483528199999999
3598	0.005757737000000001
3599	0.0055246911
3600	0.0052044927000000005
3601	0.00558517935
3602	0.0055071263500000005
3603	0.00551033015
3604	0.0059225827
3605	0.0059664768
3606	0.0059467337
3607	0.00571687375
3608	0.00584159685
3609	0.0056403345
3610	0.0052867173
3611	0.00537689365
3612	0.005422514349999999
3613	0.00546040365
3614	0.0051348535
3615	0.005392993800000001
3616	0.00544362165
3617	0.00546933865
3618	0.00537913765
3619	0.005211967
3620	0.0052682248000000004
3621	0.0056451865
3622	0.0054654330000000004
3623	0.0053703973
3624	0.00570996625
3625	0.0052718655
3626	0.0055386915
3627	0.0055312986500000005
3628	0.00515275475
3629	0.00558893775
3630	0.00526270115
3631	0.0053805976
3632	0.0052328687499999995
3633	0.00528191865
3634	0.00530929925
3635	0.005647277
3636	0.00532595045
3637	0.005230331750000001
3638	0.0054833448000000005
3639	0.005168856
3640	0.005246530500000001
3641	0.0053577220499999995
3642	0.00521291865
3643	0.005554219
3644	0.00525267
3645	0.0056038797
3646	0.005519423
3647	0.00554982685
3648	0.0053671205
3649	0.005442189850000001
3650	0.0054043922
3651	0.00582370955
3652	0.005399400800000001
3653	0.0055277475
3654	0.005879430999999999
3655	0.005813156
3656	0.00574221565
3657	0.00593143885
3658	0.0058399825
3659	0.006152828650000001
3660	0.00559983285
3661	0.005849743500000001
3662	0.005484578
3663	0.005336151349999999
3664	0.00545975015
3665	0.0054983405
3666	0.00556108565
3667	0.005763377
3668	0.005925828199999999
3669	0.00560623115
3670	0.0055570355
3671	0.005587076549999999
3672	0.0054329088000000005
3673	0.006202428649999999
3674	0.0056908703
3675	0.0057449101
3676	0.005819411
3677	0.005353997
3678	0.00546886885
3679	0.00533327065
3680	0.00511602675
3681	0.00522746485
3682	0.0051176092
3683	0.0052543198499999996
3684	0.0054280349999999995
3685	0.00552590285
3686	0.0054267601499999995
3687	0.005607885
3688	0.0060035858
3689	0.005843272
3690	0.0058807905
3691	0.0055627365
3692	0.0056136786
3693	0.00567735135
3694	0.00528197315
3695	0.0053588463
3696	0.0051791141
3697	0.005395115549999999
3698	0.005367318499999999
3699	0.00522236775
3700	0.0054684643500000005
3701	0.005207224
3702	0.005643007699999999
3703	0.0055533848
3704	0.0056992166
3705	0.00565509185
3706	0.0054630523
3707	0.0058311713
3708	0.00530721715
3709	0.00536998755
3710	0.0054881575
3711	0.0057281078
3712	0.00583980955
3713	0.006090485350000001
3714	0.0057887823
3715	0.0059934235
3716	0.00586321
3717	0.005480276500000001
3718	0.0057781301999999994
3719	0.005495194199999999
3720	0.00532053165
3721	0.0053504773
3722	0.005089425
3723	0.0051078784500000005
3724	0.005179698
3725	0.00512852685
3726	0.00563090185
3727	0.0056467968
3728	0.0052761998
3729	0.00561021535
3730	0.005947193
3731	0.0058684973
3732	0.0057356453
3733	0.006185787850000001
3734	0.0061820629
3735	0.0066584066
3736	0.0063294246
3737	0.00608736285
3738	0.0059202364500000005
3739	0.0056069
3740	0.0055680155
3741	0.0056577617000000005
3742	0.0057657738
3743	0.005987477850000001
3744	0.006349332300000001
3745	0.0064002135
3746	0.00645432635
3747	0.0060634283
3748	0.00576117655
3749	0.005488088800000001
3750	0.0056756851
3751	0.005136574749999999
3752	0.005281985350000001
3753	0.0049660921
3754	0.00492697085
3755	0.0053399712
3756	0.0054920974
3757	0.005245349
3758	0.00553797525
3759	0.005642360250000001
3760	0.0060043379
3761	0.006287729000000001
3762	0.006332206700000001
3763	0.006092884200000001
3764	0.006431697
3765	0.0066500881
3766	0.00674921
3767	0.00682063875
3768	0.00646198165
3769	0.0060710092
3770	0.0060141463
3771	0.0058525938
3772	0.00614948375
3773	0.0062055342
3774	0.00624283575
3775	0.006251646
3776	0.00598768385
3777	0.0056699756
3778	0.00579913715
3779	0.0057784422
3780	0.006054040300000001
3781	0.00584772315
3782	0.0060240966500000005
3783	0.00559373575
3784	0.005743610499999999
3785	0.0056553652
3786	0.00516579375
3787	0.00522716925
3788	0.0053429015
3789	0.00521254775
3790	0.005366651849999999
3791	0.0055244531999999996
3792	0.00534606735
3793	0.0053890058999999995
3794	0.0057570296
3795	0.0056721594
3796	0.00554678355
3797	0.00560865835
3798	0.00545410255
3799	0.00540873015
3800	0.005505599849999999
3801	0.0051008775
3802	0.0054275915000000004
3803	0.00520506285
3804	0.004955094
3805	0.00517964805
3806	0.00491777685
3807	0.005092088349999999
3808	0.00525669335
3809	0.00513311725
3810	0.005206126300000001
3811	0.0053602512
3812	0.00511832815
3813	0.0054566821000000005
3814	0.005635596749999999
3815	0.005567417
3816	0.00562902815
3817	0.0054237765
3818	0.0056419843
3819	0.005349302199999999
3820	0.00523942035
3821	0.005443255
3822	0.0059312508
3823	0.00583641135
3824	0.005678202700000001
3825	0.0055288933499999995
3826	0.00527731265
3827	0.005319625850000001
3828	0.0051724265000000005
3829	0.0059421285
3830	0.0056205182
3831	0.0052431635
3832	0.0053680057
3833	0.005264023350000001
3834	0.0054620055
3835	0.0055862665
3836	0.0054991929999999994
3837	0.0055724668
3838	0.00530102665
3839	0.005172997150000001
3840	0.00543448165
3841	0.0058380394999999995
3842	0.00579035
3843	0.0055765004
3844	0.0057801903
3845	0.005889655800000001
3846	0.005641840300000001
3847	0.00563797355
3848	0.005544920300000001
3849	0.00565628065
3850	0.0054509002999999995
3851	0.0055888833500000006
3852	0.0058423855
3853	0.006074023
3854	0.00572547245
3855	0.005759255999999999
3856	0.0055557600999999995
3857	0.00580004485
3858	0.0053054212
3859	0.0055021867
3860	0.0056684562
3861	0.00553236025
3862	0.005659245
3863	0.0060609625
3864	0.00570940885
3865	0.00522879765
3866	0.00539846255
3867	0.005398907
3868	0.005570109300000001
3869	0.005726001850000001
3870	0.005912388999999999
3871	0.00608588945
3872	0.0059575394
3873	0.0059698048
3874	0.005860904
3875	0.0060342173
3876	0.006100849
3877	0.00617290055
3878	0.00636667815
3879	0.00579644735
3880	0.005763777249999999
3881	0.005932123399999999
3882	0.0053498991
3883	0.0054711422
3884	0.0056948421999999995
3885	0.005572140200000001
3886	0.005694626249999999
3887	0.00655269415
3888	0.0061180594000000005
3889	0.0063130171
3890	0.006561734100000001
3891	0.0060510493500000005
3892	0.005842197
3893	0.0059203447
3894	0.00557693875
3895	0.0055465385
3896	0.005798225
3897	0.00545874035
3898	0.0056322130000000005
3899	0.00592610495
3900	0.005884181400000001
3901	0.0059735516
3902	0.00565944655
3903	0.0055992295000000004
3904	0.0058973441
3905	0.0059393577
3906	0.0057641645
3907	0.0056424583
3908	0.00564842765
3909	0.006129826499999999
3910	0.0059098225
3911	0.00587814125
3912	0.006123626300000001
3913	0.00611486525
3914	0.0062400571500000005
3915	0.006180317
3916	0.0062406431
3917	0.0059747030000000005
3918	0.006659122700000001
3919	0.00601177175
3920	0.00556590195
3921	0.005611343499999999
3922	0.005024193
3923	0.00534945265
3924	0.00538107015
3925	0.00566947175
3926	0.0058321094
3927	0.0059127605
3928	0.0060390967
3929	0.00600015515
3930	0.00592405765
3931	0.005711202699999999
3932	0.005356757
3933	0.00506586
3934	0.005242726850000001
3935	0.00512695115
3936	0.0049086269
3937	0.0053990602500000005
3938	0.00508882895
3939	0.00511054555
3940	0.0053111505
3941	0.005325123750000001
3942	0.005451811500000001
3943	0.005473803500000001
3944	0.0054747892
3945	0.0055937304
3946	0.005419028
3947	0.00570485985
3948	0.00569232765
3949	0.00533088475
3950	0.0056093135
3951	0.0055238292
3952	0.00560287475
3953	0.005221922699999999
3954	0.0053645079
3955	0.0056867895
3956	0.0057652288
3957	0.005754816000000001
3958	0.00607274765
3959	0.005524878
3960	0.0054607875
3961	0.005213708500000001
3962	0.00537857365
3963	0.0053393882
3964	0.005471225349999999
3965	0.005441755999999999
3966	0.005065930349999999
3967	0.0048555627
3968	0.00510299025
3969	0.004865126
3970	0.0048526322
3971	0.00483889065
3972	0.00498326675
3973	0.0050746695
3974	0.00514803
3975	0.00529370515
3976	0.00534307705
3977	0.0053656688
3978	0.005275256000000001
3979	0.005344939
3980	0.0050132065
3981	0.005297491
3982	0.004974299
3983	0.0053643391
3984	0.0052227932
3985	0.00536203425
3986	0.0050885074
3987	0.0052176415
3988	0.0052343488
3989	0.0053914880999999994
3990	0.00528137575
3991	0.005205692
3992	0.0052738501499999995
3993	0.0056119162
3994	0.00590977775
3995	0.00607532675
3996	0.006042281500000001
3997	0.005975897649999999
3998	0.005821222500000001
3999	0.00573705815
4000	0.0056239255999999994
4001	0.0053531199
4002	0.0057822714
4003	0.005750508999999999
4004	0.005566532000000001
4005	0.0057107068
4006	0.005998924
4007	0.00583251015
4008	0.00545994755
4009	0.0054229295
4010	0.00533261805
4011	0.00558705445
4012	0.005342599999999999
4013	0.0052124901500000004
4014	0.005568556150000001
4015	0.0053712295
4016	0.00543627
4017	0.005694813999999999
4018	0.00556808735
4019	0.005838047649999999
4020	0.00576284285
4021	0.0056943165
4022	0.005481199
4023	0.005481972349999999
4024	0.0051854255
4025	0.00512854615
4026	0.00515282385
4027	0.0053636336
4028	0.00553304765
4029	0.00659537385
4030	0.006578756349999999
4031	0.00693658265
4032	0.00658789815
4033	0.006290865349999999
4034	0.00558910365
4035	0.005220460349999999
4036	0.005399531149999999
4037	0.00510541185
4038	0.005091458
4039	0.00510530245
4040	0.00508087565
4041	0.0052207771
4042	0.00506131415
4043	0.005100646150000001
4044	0.0051951201
4045	0.0052217775
4046	0.00507700385
4047	0.00537700975
4048	0.0058683209
4049	0.005340622
4050	0.005439228399999999
4051	0.0056542667
4052	0.005106479150000001
4053	0.005379838499999999
4054	0.00538940725
4055	0.0056837272
4056	0.00607520785
4057	0.00711821565
4058	0.0080116745
4059	0.0085957815
4060	0.00998458925
4061	0.009695233000000001
4062	0.0106219465
4063	0.0094430005
4064	0.0080122345
4065	0.00773512805
4066	0.0074622939999999995
4067	0.00597032535
4068	0.005980917949999999
4069	0.0058171525499999995
4070	0.0057540861999999995
4071	0.005670418
4072	0.0060848489
4073	0.00617974425
4074	0.007753654699999999
4075	0.0062839725
4076	0.005974031999999999
4077	0.00588281725
4078	0.0052360229
4079	0.005569104599999999
4080	0.005521445999999999
4081	0.0056089335
4082	0.0054921058
4083	0.00549911
4084	0.0054440955
4085	0.0054358253
4086	0.00564427865
4087	0.00557175765
4088	0.0057618392000000004
4089	0.0054278822
4090	0.00579627865
4091	0.00569654875
4092	0.0058592468000000005
4093	0.005761969799999999
4094	0.00569700725
4095	0.00590835625
4096	0.006025623250000001
4097	0.006378665
4098	0.006562081149999999
4099	0.00600094675
4100	0.00581917685
4101	0.005697238800000001
4102	0.005660402699999999
4103	0.0053139153
4104	0.00551313345
4105	0.0055664518
4106	0.0056479858
4107	0.0055078296
4108	0.0052434809
4109	0.0055794816
4110	0.0056508771999999995
4111	0.00552374705
4112	0.005546875349999999
4113	0.00570634685
4114	0.0055956328
4115	0.0055636221
4116	0.0051619562
4117	0.0055184028500000004
4118	0.0053267192500000005
4119	0.00565161065
4120	0.0062036045
4121	0.0058367245
4122	0.005835303
4123	0.00589969775
4124	0.005393209249999999
4125	0.0056844795
4126	0.005701784
4127	0.0055336792499999995
4128	0.00575569785
4129	0.00659083785
4130	0.005802049700000001
4131	0.0058884702500000006
4132	0.0057538306999999995
4133	0.0059256286
4134	0.00522377275
4135	0.00567024185
4136	0.0055364635500000006
4137	0.005672843
4138	0.0053879932
4139	0.0055798654999999996
4140	0.005630110999999999
4141	0.00550187575
4142	0.005324101249999999
4143	0.005474515
4144	0.006455458
4145	0.0059282752
4146	0.00575530415
4147	0.0061423755
4148	0.006772989199999999
4149	0.0060220337
4150	0.00618783935
4151	0.005456771
4152	0.0057047721999999995
4153	0.00559213135
4154	0.005477868150000001
4155	0.0060545027000000005
4156	0.0063792886
4157	0.0062155445
4158	0.007730156199999999
4159	0.006349994249999999
4160	0.00590260255
4161	0.0061981506499999995
4162	0.00591599815
4163	0.0058789398
4164	0.006003092
4165	0.0055870025
4166	0.005784132
4167	0.0054820068000000005
4168	0.00598815925
4169	0.00585506085
4170	0.0060578857
4171	0.00641809885
4172	0.0058556795000000005
4173	0.005477438649999999
4174	0.0055944053500000005
4175	0.005576242800000001
4176	0.006090810800000001
4177	0.0064864536
4178	0.0062642871999999995
4179	0.0064812924
4180	0.00781882725
4181	0.0062210632999999994
4182	0.006110962
4183	0.00581263145
4184	0.00572538775
4185	0.00568593595
4186	0.005631798299999999
4187	0.005332271750000001
4188	0.005525094350000001
4189	0.00548472025
4190	0.0058020078
4191	0.0057041875
4192	0.0052303438
4193	0.0058482254000000004
4194	0.005729336
4195	0.005268952149999999
4196	0.006077401850000001
4197	0.0056904215
4198	0.00572270875
4199	0.0055492652
4200	0.00534805005
4201	0.0053073638
4202	0.0054197785
4203	0.0054177537
4204	0.0055831464999999995
4205	0.00538046185
4206	0.005251421649999999
4207	0.0054002744
4208	0.005247927750000001
4209	0.0054103388
4210	0.0054365715
4211	0.0052579975
4212	0.00554489465
4213	0.00527256935
4214	0.00568069085
4215	0.00576256705
4216	0.0054122425
4217	0.00564028065
4218	0.0051056354
4219	0.0051141025
4220	0.00511372485
4221	0.00523388135
4222	0.0054669035
4223	0.00547565815
4224	0.0055772917499999995
4225	0.005575137250000001
4226	0.0052640957
4227	0.005310672000000001
4228	0.0052684706
4229	0.0052695317999999994
4230	0.0052344477
4231	0.005403397250000001
4232	0.00562528755
4233	0.0057153205
4234	0.0054929042
4235	0.0046222294
