	0
0	0.0019855853
1	0.0034211804
2	0.005102954
3	0.006025321
4	0.0059993314
5	0.0063591925
6	0.0074435277
7	0.0065526427
8	0.0062399805
9	0.006205821
10	0.0064855427
11	0.0059431475
12	0.0065808184
13	0.0065160887
14	0.005956007
15	0.0062780725
16	0.006190753
17	0.0062882807
18	0.0062477775
19	0.006480074
20	0.0060594277
21	0.0063814092
22	0.007012884
23	0.0062007196
24	0.005882551
25	0.005690124
26	0.0062554805
27	0.005822953
28	0.00533092
29	0.005544993
30	0.005918815
31	0.0058780294
32	0.005960089
33	0.006301537
34	0.0063085486
35	0.0067115556
36	0.0066627664
37	0.0069446024
38	0.0070146183
39	0.006986553
40	0.007373985
41	0.007003284
42	0.0064050974
43	0.0069671366
44	0.0062192837
45	0.0059585236
46	0.0063594934
47	0.006250454
48	0.005921069
49	0.006314351
50	0.0064644003
51	0.006531384
52	0.0059165535
53	0.0057032336
54	0.006027722
55	0.005499862
56	0.005711266
57	0.0057438808
58	0.0057433285
59	0.0056519294
60	0.0053396085
61	0.005623077
62	0.0053567765
63	0.005794417
64	0.0058406233
65	0.006095459
66	0.006174213
67	0.005820346
68	0.00598704
69	0.0062786397
70	0.006264279
71	0.0068245204
72	0.007377443
73	0.00773078
74	0.007825247
75	0.008423818
76	0.007220649
77	0.006996219
78	0.00997555
79	0.0070495037
80	0.007746568
81	0.0071670916
82	0.0070196562
83	0.0071532633
84	0.006846401
85	0.0077543734
86	0.007846348
87	0.007506795
88	0.007869933
89	0.0075583765
90	0.00675939
91	0.008095475
92	0.00688585
93	0.0067126565
94	0.0057904962
95	0.005938036
96	0.005908373
97	0.006524277
98	0.0062493063
99	0.0062490567
100	0.006577104
101	0.005650009
102	0.005725008
103	0.0059386026
104	0.0053252345
105	0.0054994877
106	0.0059962776
107	0.005561373
108	0.0055111293
109	0.0055720876
110	0.0053838314
111	0.005887065
112	0.006042522
113	0.006054008
114	0.0063416343
115	0.0075078327
116	0.006498983
117	0.0069351024
118	0.0073104687
119	0.008002773
120	0.009193243
121	0.0076846746
122	0.007687821
123	0.0070394236
124	0.006843695
125	0.008070201
126	0.0060530407
127	0.00630279
128	0.006251948
129	0.005931703
130	0.0066095423
131	0.006208499
132	0.006567435
133	0.0064806696
134	0.0066022277
135	0.0067414325
136	0.006818643
137	0.006638445
138	0.006247203
139	0.0070504583
140	0.006638888
141	0.006518254
142	0.006650993
143	0.008401096
144	0.0066528986
145	0.0076133767
146	0.0063058166
147	0.006766754
148	0.0067141484
149	0.0062988517
150	0.0063446164
151	0.0058085257
152	0.0055546286
153	0.0055407286
154	0.0058095977
155	0.0056673167
156	0.0057593947
157	0.0059012035
158	0.0061214827
159	0.0062164348
160	0.0066336365
161	0.007361766
162	0.0067677703
163	0.00712458
164	0.009215755
165	0.006726027
166	0.006492178
167	0.005910353
168	0.005758502
169	0.0055717984
170	0.0055573215
171	0.005900386
172	0.006180132
173	0.007252364
174	0.007600031
175	0.006832768
176	0.006991581
177	0.006804602
178	0.006687374
179	0.0063690776
180	0.007840153
181	0.00607395
182	0.0060325554
183	0.0060997372
184	0.006061003
185	0.0059060343
186	0.006047628
187	0.0055951374
188	0.0055984706
189	0.0060064048
190	0.005904774
191	0.006720295
192	0.0071610957
193	0.0067704413
194	0.009130228
195	0.006709555
196	0.008825015
197	0.006937593
198	0.006549508
199	0.00639462
200	0.005503788
201	0.005581684
202	0.0054129222
203	0.0056617893
204	0.0064449073
205	0.005674863
206	0.0062250327
207	0.0058410326
208	0.0061004437
209	0.005873145
210	0.0060271523
211	0.0064431755
212	0.0065968935
213	0.0069744997
214	0.007217522
215	0.0069555934
216	0.0077292332
217	0.0076673543
218	0.0087255
219	0.01042387
220	0.0070275185
221	0.0062794145
222	0.0056019695
223	0.005350054
224	0.005528772
225	0.0056901146
226	0.0057048523
227	0.0061193625
228	0.0055831373
229	0.0057607107
230	0.0055911066
231	0.0059834337
232	0.00574312
233	0.005597882
234	0.005567289
235	0.0055225333
236	0.0056690904
237	0.0060275383
238	0.0057309098
239	0.006154204
240	0.0071257297
241	0.007036541
242	0.006745237
243	0.0065981727
244	0.0072061177
245	0.0066653164
246	0.006588958
247	0.0061983457
248	0.006620574
249	0.006215093
250	0.006537059
251	0.0066533186
252	0.007415342
253	0.0070952284
254	0.0065779276
255	0.006229559
256	0.0062729632
257	0.0064934017
258	0.0065621133
259	0.0071262047
260	0.006222899
261	0.0063829124
262	0.007025007
263	0.0060388376
264	0.0061405
265	0.0060254964
266	0.0064486177
267	0.005456485
268	0.0054413844
269	0.0058110273
270	0.005645265
271	0.005744337
272	0.0057566855
273	0.005892393
274	0.0064252065
275	0.0064347256
276	0.0063711363
277	0.0073918477
278	0.0070668077
279	0.007107159
280	0.012843315
281	0.006939025
282	0.0070505785
283	0.0065207323
284	0.0063599106
285	0.0063006915
286	0.0058008134
287	0.0058618877
288	0.0058569927
289	0.0056955563
290	0.005693191
291	0.0055789305
292	0.0054485956
293	0.0057182238
294	0.0054744165
295	0.0054712873
296	0.005615999
297	0.0056458917
298	0.0059256544
299	0.005909194
300	0.005611345
301	0.005540679
302	0.0056781424
303	0.0061444975
304	0.0059190206
305	0.0058996473
306	0.006115536
307	0.006188014
308	0.0062990095
309	0.006725624
310	0.0077168103
311	0.007786844
312	0.0070874305
313	0.007776324
314	0.0067289756
315	0.006410919
316	0.006507205
317	0.0071545
318	0.0063961083
319	0.005979687
320	0.0059102755
321	0.005541095
322	0.0056452025
323	0.0057663154
324	0.006904491
325	0.0062477463
326	0.006227406
327	0.0066320384
328	0.006780538
329	0.007665786
330	0.006277406
331	0.0059409123
332	0.00565884
333	0.0056796866
334	0.006102792
335	0.006183774
336	0.006364265
337	0.0061198473
338	0.0060601644
339	0.006269877
340	0.0057188
341	0.0058614137
342	0.0063462234
343	0.0055842055
344	0.0058794455
345	0.005466817
346	0.0061342972
347	0.0058162496
348	0.0059271567
349	0.006160839
350	0.0060277274
351	0.005276069
352	0.005561862
353	0.006265443
354	0.006907594
355	0.0071489876
356	0.0064264573
357	0.0062863044
358	0.006467594
359	0.006450503
360	0.0069787577
361	0.006231806
362	0.0062242677
363	0.0062393965
364	0.0060693687
365	0.0053966735
366	0.0059975646
367	0.0061139315
368	0.0068333223
369	0.0079876175
370	0.007587727
371	0.0070532532
372	0.0073900623
373	0.006703978
374	0.0063214186
375	0.005808565
376	0.005573337
377	0.005537428
378	0.0055791633
379	0.0055777445
380	0.006871249
381	0.0066627767
382	0.0072256476
383	0.006554774
384	0.0065821763
385	0.006667558
386	0.0072809653
387	0.008382797
388	0.007996164
389	0.008077518
390	0.009061743
391	0.009377347
392	0.010087056
393	0.010339565
394	0.018121434
395	0.01002371
396	0.008471895
397	0.0080707595
398	0.0073579657
399	0.007246554
400	0.007123595
401	0.010425003
402	0.006596787
403	0.0067751496
404	0.006415871
405	0.006228177
406	0.0059872563
407	0.0060068113
408	0.0063827587
409	0.006588063
410	0.006603862
411	0.0063106
412	0.0060204845
413	0.0057910103
414	0.0055908523
415	0.005480686
416	0.005091738
417	0.005373554
418	0.005535405
419	0.0064618015
420	0.005966628
421	0.005846549
422	0.0059224516
423	0.005773429
424	0.005650187
425	0.0056268936
426	0.006142381
427	0.006056386
428	0.0062972847
429	0.007514037
430	0.0077279746
431	0.0063768686
432	0.006552467
433	0.0063450383
434	0.0062834085
435	0.0063921837
436	0.0063051074
437	0.0064715073
438	0.0064141825
439	0.0071234535
440	0.0075457813
441	0.007579056
442	0.008108275
443	0.0090118535
444	0.008357262
445	0.0067492593
446	0.006544468
447	0.006250307
448	0.005960811
449	0.005944496
450	0.006608585
451	0.006325297
452	0.006591583
453	0.0060444856
454	0.006133822
455	0.006023111
456	0.006682053
457	0.0073184688
458	0.006597164
459	0.00928322
460	0.007804065
461	0.006131899
462	0.0058952775
463	0.006132127
464	0.0063593322
465	0.005855754
466	0.0059844577
467	0.0059725805
468	0.007585169
469	0.0061492417
470	0.006164889
471	0.0074106837
472	0.0069966475
473	0.006460633
474	0.007039188
475	0.007347205
476	0.0064896075
477	0.0063352333
478	0.0069964956
479	0.0071383812
480	0.006206261
481	0.0060673584
482	0.00653341
483	0.0063399523
484	0.006487899
485	0.007129074
486	0.0067072595
487	0.00798139
488	0.0073271147
489	0.0075067272
490	0.00964183
491	0.010843797
492	0.008061124
493	0.00859538
494	0.007818524
495	0.0089363605
496	0.011161632
497	0.0085193515
498	0.011768033
499	0.01273879
500	0.0076704924
501	0.007909566
502	0.0074268794
503	0.007691967
504	0.008689875
505	0.007102138
506	0.008288825
507	0.0076595787
508	0.009227611
509	0.007816469
510	0.0069351094
511	0.008496985
512	0.0063133263
513	0.0062537184
514	0.0063450467
515	0.0068628
516	0.006819063
517	0.009261341
518	0.008356048
519	0.008029875
520	0.007320378
521	0.0075395014
522	0.0077405283
523	0.008233041
524	0.007930391
525	0.010061835
526	0.007756425
527	0.008516755
528	0.007674752
529	0.007294243
530	0.006550059
531	0.0063521517
532	0.0059547536
533	0.0059506665
534	0.0058233878
535	0.005601696
536	0.0058843847
537	0.006334016
538	0.0064843604
539	0.0070625874
540	0.0075880885
541	0.0075915884
542	0.013666605
543	0.007964352
544	0.00761169
545	0.0077833096
546	0.00627602
547	0.008473242
548	0.005911246
549	0.006118485
550	0.006003198
551	0.0077975197
552	0.0058390982
553	0.0058738403
554	0.0058095083
555	0.0059726536
556	0.0059488164
557	0.0059868665
558	0.0059918184
559	0.0060540633
560	0.0063195196
561	0.0062752785
562	0.006252535
563	0.0055591855
564	0.0057225833
565	0.0055899173
566	0.0055796383
567	0.00559846
568	0.005599305
569	0.0056042206
570	0.0056074075
571	0.006212463
572	0.0063345367
573	0.0066435197
574	0.0075169257
575	0.0073938984
576	0.006950153
577	0.006659859
578	0.0067456434
579	0.006785916
580	0.0077462676
581	0.009853015
582	0.0071236566
583	0.0073644817
584	0.0076403003
585	0.006181361
586	0.0071943654
587	0.0068794745
588	0.0068457574
589	0.0074375086
590	0.007192306
591	0.0071328813
592	0.0067850314
593	0.006707377
594	0.007886482
595	0.0064415233
596	0.0064853523
597	0.0063556456
598	0.006898003
599	0.0059242556
600	0.0063346173
601	0.007033676
602	0.0065568862
603	0.00765381
604	0.006997054
605	0.0070395153
606	0.010467707
607	0.008782335
608	0.008410759
609	0.008613838
610	0.010968462
611	0.007741579
612	0.0074411943
613	0.007063232
614	0.006069309
615	0.005866159
616	0.0057054097
617	0.005498871
618	0.0055754585
619	0.005540532
620	0.0057026525
621	0.0054443856
622	0.0055041155
623	0.005459822
624	0.005710703
625	0.005904535
626	0.005886535
627	0.0058768317
628	0.0057151145
629	0.00582697
630	0.0061206794
631	0.0070276475
632	0.006945724
633	0.009833036
634	0.00797576
635	0.0115420455
636	0.010185335
637	0.010781186
638	0.011247346
639	0.010511266
640	0.014450912
641	0.012748866
642	0.010107201
643	0.009246139
644	0.00807376
645	0.0071021803
646	0.006699363
647	0.00575257
648	0.0064371554
649	0.0058073243
650	0.005880528
651	0.005560358
652	0.0059292247
653	0.005496555
654	0.005775562
655	0.0060369615
656	0.005754401
657	0.005867498
658	0.005955179
659	0.0056787683
660	0.005882187
661	0.0058895582
662	0.0061242376
663	0.0056689093
664	0.0057624234
665	0.005707804
666	0.0056997687
667	0.0053290017
668	0.005875054
669	0.005572046
670	0.0055013327
671	0.005702947
672	0.0056660627
673	0.005697963
674	0.005455207
675	0.005760301
676	0.0056245197
677	0.0056099556
678	0.005625894
679	0.005712481
680	0.005676341
681	0.0063690403
682	0.0060971696
683	0.0065344777
684	0.0065224087
685	0.0066712713
686	0.006592052
687	0.0064446903
688	0.0064109555
689	0.0064734826
690	0.006462493
691	0.007764142
692	0.0067035686
693	0.0067568338
694	0.00664018
695	0.0064339936
696	0.0064484263
697	0.006097231
698	0.0058091916
699	0.006208028
700	0.0058488147
701	0.0060686897
702	0.0062900074
703	0.0063118185
704	0.0066661774
705	0.006813901
706	0.007473531
707	0.0070128758
708	0.0075432565
709	0.0068799043
710	0.0063787503
711	0.007212345
712	0.0066275676
713	0.0065045045
714	0.006879919
715	0.007853789
716	0.006228217
717	0.00648802
718	0.0072206296
719	0.0065241363
720	0.0064869253
721	0.0068142586
722	0.007880256
723	0.006701019
724	0.006530362
725	0.0071505774
726	0.0072137862
727	0.007357351
728	0.008578382
729	0.014920485
730	0.0074116094
731	0.0075286115
732	0.0068497043
733	0.006483833
734	0.0065025943
735	0.0060046287
736	0.00603828
737	0.006247365
738	0.0061582387
739	0.006321463
740	0.006380858
741	0.006141003
742	0.0057165655
743	0.006151468
744	0.0059517752
745	0.005846625
746	0.0059995945
747	0.005695983
748	0.0058612013
749	0.0060285176
750	0.0056767026
751	0.005773788
752	0.0054653743
753	0.0059072794
754	0.0057636388
755	0.005988757
756	0.0058751293
757	0.0056476383
758	0.005744432
759	0.0058282833
760	0.006787084
761	0.0065082656
762	0.00612716
763	0.00628644
764	0.005939832
765	0.0063583413
766	0.006267611
767	0.0063798223
768	0.005992773
769	0.0057298117
770	0.005395054
771	0.005746084
772	0.006102614
773	0.005900166
774	0.006280809
775	0.006650643
776	0.00648084
777	0.006161071
778	0.0058196294
779	0.005816913
780	0.0058901957
781	0.006004066
782	0.0058844592
783	0.0060866075
784	0.005879678
785	0.0057974667
786	0.0059214
787	0.0058647287
788	0.0057131043
789	0.0062649176
790	0.006736552
791	0.006560168
792	0.0062972214
793	0.006552444
794	0.0070597176
795	0.0077930186
796	0.007290176
797	0.007637332
798	0.012834977
799	0.008137186
800	0.0076360144
801	0.008624672
802	0.007014731
803	0.007680704
804	0.007284494
805	0.0072530312
806	0.006208456
807	0.0062780613
808	0.0062423847
809	0.006191152
810	0.0060470034
811	0.0060737543
812	0.006624889
813	0.005582266
814	0.005610287
815	0.005921068
816	0.0059592607
817	0.005751202
818	0.0058171023
819	0.006285524
820	0.006506026
821	0.0064643184
822	0.006248124
823	0.0057502324
824	0.005526358
825	0.00645566
826	0.0060484284
827	0.0055288337
828	0.005488972
829	0.0058589964
830	0.0056931684
831	0.006123379
832	0.0063974
833	0.0065722135
834	0.00709086
835	0.00920211
836	0.006663205
837	0.0064252764
838	0.005907758
839	0.0058908174
840	0.005498984
841	0.005381738
842	0.005667913
843	0.0054592136
844	0.005720619
845	0.006443847
846	0.007353778
847	0.008383381
848	0.0071558477
849	0.007410028
850	0.006878373
851	0.006608979
852	0.006164594
853	0.007209041
854	0.0073309727
855	0.0063894107
856	0.006330769
857	0.0061567836
858	0.006324898
859	0.0058529004
860	0.006002348
861	0.0060763704
862	0.0063401014
863	0.0066263536
864	0.007054339
865	0.0071093566
866	0.0075958176
867	0.006879325
868	0.0064767078
869	0.0069452403
870	0.0062557794
871	0.006399202
872	0.006185267
873	0.006647393
874	0.0061909235
875	0.0060731526
876	0.0060070036
877	0.0058794497
878	0.0057631675
879	0.0061004283
880	0.005572252
881	0.0058834217
882	0.005718256
883	0.005520433
884	0.0059943795
885	0.0058682812
886	0.006260718
887	0.0062610335
888	0.0061309445
889	0.0063507585
890	0.006060833
891	0.005956978
892	0.005856573
893	0.0058725
894	0.0060910177
895	0.005800604
896	0.0059046363
897	0.0063491855
898	0.0061533777
899	0.0058726873
900	0.005983377
901	0.0057627456
902	0.0054841703
903	0.005608542
904	0.0061492184
905	0.005933582
906	0.005692822
907	0.0061231516
908	0.006235864
909	0.00611931
910	0.006087724
911	0.0056363703
912	0.006037511
913	0.0058394964
914	0.0057380856
915	0.00540894
916	0.005658561
917	0.0061829444
918	0.005981773
919	0.005671948
920	0.0056603444
921	0.0057877433
922	0.0060875146
923	0.006052212
924	0.0062817805
925	0.006668178
926	0.0071382457
927	0.00776944
928	0.0067691947
929	0.006232176
930	0.00661867
931	0.006531898
932	0.006578097
933	0.006549906
934	0.0064538904
935	0.0063715526
936	0.0069841505
937	0.007147488
938	0.0068082567
939	0.0066915746
940	0.0072229924
941	0.006888116
942	0.006428267
943	0.0084745195
944	0.0068483166
945	0.0065480135
946	0.006561208
947	0.006509062
948	0.006486525
949	0.00695398
950	0.0078094937
951	0.007864676
952	0.008026608
953	0.00944315
954	0.0087263975
955	0.010553472
956	0.011219472
957	0.009322336
958	0.010536926
959	0.009778371
960	0.009331819
961	0.0073481062
962	0.0070883334
963	0.006517305
964	0.0056886664
965	0.0056939004
966	0.0059707314
967	0.006326443
968	0.006097785
969	0.006154696
970	0.006012495
971	0.005834436
972	0.005758253
973	0.006010366
974	0.0061236583
975	0.006070422
976	0.0066056596
977	0.007148399
978	0.0074567283
979	0.007947382
980	0.009309007
981	0.008541858
982	0.008723941
983	0.008166898
984	0.0069862017
985	0.006310626
986	0.006093831
987	0.005928874
988	0.0056245066
989	0.0056535155
990	0.00576673
991	0.0058971643
992	0.006052698
993	0.0058723073
994	0.00582252
995	0.005930077
996	0.006123388
997	0.006289676
998	0.0062843165
999	0.006611277
1000	0.0068719704
1001	0.0080524655
1002	0.007009222
1003	0.008511619
1004	0.007244006
1005	0.0067687165
1006	0.006739633
1007	0.006299192
1008	0.006490631
1009	0.0062296093
1010	0.007878099
1011	0.00656908
1012	0.0067410492
1013	0.00742062
1014	0.0068592
1015	0.0071592205
1016	0.0068177553
1017	0.0073641036
1018	0.006524454
1019	0.007903938
1020	0.006440337
1021	0.0065886416
1022	0.0069323597
1023	0.0065764273
1024	0.0069402093
1025	0.0067909933
1026	0.0065266397
1027	0.005972673
1028	0.0057657994
1029	0.0059269965
1030	0.00565385
1031	0.0055313734
1032	0.005728948
1033	0.005365655
1034	0.0069238218
1035	0.0058628507
1036	0.0055960114
1037	0.005791247
1038	0.00585639
1039	0.005653618
1040	0.0056729456
1041	0.005200294
1042	0.005319313
1043	0.005607483
1044	0.005366342
1045	0.0062130503
1046	0.0057011815
1047	0.006149045
1048	0.0058381315
1049	0.006014972
1050	0.006188835
1051	0.006087283
1052	0.006795437
1053	0.0068392367
1054	0.0067304475
1055	0.00730934
1056	0.007508522
1057	0.0078101866
1058	0.008044572
1059	0.0059961947
1060	0.005797373
1061	0.005775981
1062	0.005676813
1063	0.0060223984
1064	0.0061853183
1065	0.0063341935
1066	0.0074688364
1067	0.0071953256
1068	0.007290449
1069	0.009659995
1070	0.007330396
1071	0.008726915
1072	0.007534788
1073	0.0066927155
1074	0.007632288
1075	0.007377389
1076	0.006737709
1077	0.00698964
1078	0.0064958287
1079	0.006082747
1080	0.0061022313
1081	0.005851929
1082	0.0061103622
1083	0.006060394
1084	0.0057467623
1085	0.005912767
1086	0.0058947867
1087	0.0060640946
1088	0.0071866456
1089	0.0066980226
1090	0.0073554963
1091	0.007846119
1092	0.0069801956
1093	0.007500527
1094	0.0068107746
1095	0.006396425
1096	0.0070741246
1097	0.0060075577
1098	0.0061908485
1099	0.006246822
1100	0.0062574763
1101	0.006375093
1102	0.0065481355
1103	0.006759908
1104	0.0062171714
1105	0.006399682
1106	0.005713516
1107	0.005523823
1108	0.005430086
1109	0.005112359
1110	0.005399203
1111	0.005256452
1112	0.005455763
1113	0.0058771903
1114	0.006012097
1115	0.0058292607
1116	0.0061758785
1117	0.006295771
1118	0.0059559923
1119	0.0062260563
1120	0.0062372363
1121	0.005980416
1122	0.0060872454
1123	0.006060194
1124	0.005665754
1125	0.005654053
1126	0.0057411212
1127	0.0055602943
1128	0.0057884343
1129	0.005929729
1130	0.00582013
1131	0.005656402
1132	0.005976569
1133	0.00554429
1134	0.0057504233
1135	0.005895193
1136	0.005513706
1137	0.0058729993
1138	0.0057648392
1139	0.0056432644
1140	0.005611485
1141	0.005618076
1142	0.005734092
1143	0.00654036
1144	0.00616475
1145	0.00580072
1146	0.006100444
1147	0.005646377
1148	0.0055248262
1149	0.0058076857
1150	0.005790718
1151	0.0055918377
1152	0.005653294
1153	0.00557894
1154	0.0057018483
1155	0.005503458
1156	0.0055123437
1157	0.005684543
1158	0.005874683
1159	0.006122065
1160	0.0067278063
1161	0.006037659
1162	0.005869329
1163	0.0053469376
1164	0.0053015426
1165	0.005449757
1166	0.0051503954
1167	0.005031389
1168	0.0052836146
1169	0.005199676
1170	0.0050783926
1171	0.00528164
1172	0.0057058753
1173	0.005424466
1174	0.005828942
1175	0.005693869
1176	0.005603722
1177	0.005962117
1178	0.0057966313
1179	0.005697662
1180	0.006345751
1181	0.0055344235
1182	0.0056222025
1183	0.0056117815
1184	0.0057589845
1185	0.0057886234
1186	0.006191631
1187	0.0063538277
1188	0.0058250166
1189	0.005798847
1190	0.005966804
1191	0.005881006
1192	0.005923954
1193	0.005675487
1194	0.0053800624
1195	0.005434
1196	0.005447818
1197	0.0054521505
1198	0.0053393887
1199	0.0052580237
1200	0.005663106
1201	0.005199315
1202	0.0054535894
1203	0.005997845
1204	0.0066588097
1205	0.010746576
1206	0.0077356
1207	0.007712542
1208	0.007458207
1209	0.0068016048
1210	0.005876434
1211	0.0061587063
1212	0.005680562
1213	0.00526729
1214	0.0060030213
1215	0.006163938
1216	0.0061142184
1217	0.0058799833
1218	0.006149434
1219	0.0055606063
1220	0.005742394
1221	0.0057007098
1222	0.005396407
1223	0.0057901046
1224	0.005505465
1225	0.0058931317
1226	0.0059434855
1227	0.0059537953
1228	0.006357323
1229	0.006201416
1230	0.00637694
1231	0.006099688
1232	0.006180145
1233	0.0059516607
1234	0.006489046
1235	0.0069731125
1236	0.007821506
1237	0.008619245
1238	0.011575483
1239	0.010105852
1240	0.010139899
1241	0.009952215
1242	0.008039745
1243	0.009164014
1244	0.0076221563
1245	0.007918233
1246	0.0069523454
1247	0.006617409
1248	0.0061067357
1249	0.0059518525
1250	0.005625267
1251	0.005729339
1252	0.005603293
1253	0.005906585
1254	0.0059222784
1255	0.0062038554
1256	0.0068464717
1257	0.006646754
1258	0.0065619405
1259	0.0060938825
1260	0.006167177
1261	0.0059106303
1262	0.0060571404
1263	0.0063245744
1264	0.0057423655
1265	0.0057729715
1266	0.005853122
1267	0.005724799
1268	0.0059976988
1269	0.005842805
1270	0.0057511088
1271	0.0059782993
1272	0.005770494
1273	0.0055216285
1274	0.0055466658
1275	0.005756166
1276	0.005400505
1277	0.0058383914
1278	0.0055588502
1279	0.0058680233
1280	0.0060727224
1281	0.005896328
1282	0.0061156014
1283	0.0060984176
1284	0.0061372723
1285	0.005823508
1286	0.005859627
1287	0.00597339
1288	0.006285097
1289	0.0059335735
1290	0.005865506
1291	0.005997625
1292	0.005882062
1293	0.0059564183
1294	0.006033367
1295	0.0062030833
1296	0.006107448
1297	0.006176631
1298	0.005757345
1299	0.0059077116
1300	0.0056531564
1301	0.00529267
1302	0.0056877187
1303	0.0058911424
1304	0.0054306574
1305	0.005985367
1306	0.0064872312
1307	0.0058046645
1308	0.005750455
1309	0.0061460026
1310	0.005905724
1311	0.005904408
1312	0.006417717
1313	0.0066218087
1314	0.0066294475
1315	0.0065564476
1316	0.0066915737
1317	0.0061911456
1318	0.0059065768
1319	0.0059989206
1320	0.0062712515
1321	0.005977036
1322	0.0062187384
1323	0.006001573
1324	0.0057899016
1325	0.0059643667
1326	0.005431926
1327	0.0057702344
1328	0.00577667
1329	0.0057390123
1330	0.005948624
1331	0.0057895766
1332	0.0059925364
1333	0.006185524
1334	0.0061618155
1335	0.00596689
1336	0.0057069473
1337	0.005862351
1338	0.0057489667
1339	0.005967246
1340	0.0061096465
1341	0.0058024386
1342	0.0060402034
1343	0.00581633
1344	0.00640011
1345	0.0053680204
1346	0.0058253715
1347	0.0058895564
1348	0.0055322014
1349	0.006580738
1350	0.0061166957
1351	0.006436056
1352	0.0064667976
1353	0.0063900505
1354	0.0066720545
1355	0.006711997
1356	0.0070603155
1357	0.0070655895
1358	0.0071594594
1359	0.0077366116
1360	0.0074093384
1361	0.007170183
1362	0.0076220776
1363	0.00695782
1364	0.0070766034
1365	0.0061616683
1366	0.006705375
1367	0.006437008
1368	0.0062779486
1369	0.0061715655
1370	0.006172918
1371	0.006346289
1372	0.0063958038
1373	0.0066944645
1374	0.006943783
1375	0.0066528777
1376	0.00655341
1377	0.006840229
1378	0.0062490134
1379	0.0065761013
1380	0.005993954
1381	0.0060055046
1382	0.0058734613
1383	0.0056466255
1384	0.0060145715
1385	0.006126417
1386	0.0062305927
1387	0.006333418
1388	0.0066597136
1389	0.0064301733
1390	0.0063844156
1391	0.006745222
1392	0.0074237725
1393	0.0069150003
1394	0.006488608
1395	0.0062126825
1396	0.006002711
1397	0.0064885165
1398	0.0061421916
1399	0.0063557234
1400	0.0063933833
1401	0.006547573
1402	0.008415139
1403	0.007992516
1404	0.008967191
1405	0.01126623
1406	0.0077059604
1407	0.007437002
1408	0.0068502324
1409	0.0067921425
1410	0.0067695174
1411	0.0069846543
1412	0.0071676755
1413	0.0068141297
1414	0.009895583
1415	0.010360155
1416	0.010428951
1417	0.007692138
1418	0.0077433167
1419	0.006842099
1420	0.007243687
1421	0.0065608686
1422	0.0062246146
1423	0.005977004
1424	0.0059682657
1425	0.006023977
1426	0.006541343
1427	0.007624976
1428	0.008868724
1429	0.008574459
1430	0.009935578
1431	0.0102559365
1432	0.013940131
1433	0.014598068
1434	0.010389332
1435	0.008534066
1436	0.007694638
1437	0.007283382
1438	0.0071163797
1439	0.0068847793
1440	0.006183803
1441	0.0072377045
1442	0.0057828208
1443	0.005534262
1444	0.0052381475
1445	0.0057231244
1446	0.0051824553
1447	0.0053427806
1448	0.005583725
1449	0.0056450753
1450	0.0056773555
1451	0.00583433
1452	0.0058117798
1453	0.005765553
1454	0.005687078
1455	0.0057544606
1456	0.0060936194
1457	0.005932981
1458	0.006462011
1459	0.0060188863
1460	0.007157722
1461	0.008779229
1462	0.007034394
1463	0.007824528
1464	0.007552307
1465	0.008187259
1466	0.008615829
1467	0.009487307
1468	0.008889278
1469	0.00754596
1470	0.006675529
1471	0.0064489623
1472	0.0062583718
1473	0.006335047
1474	0.006451579
1475	0.008186482
1476	0.008414313
1477	0.006533295
1478	0.006588281
1479	0.006812457
1480	0.006560969
1481	0.007854802
1482	0.0071636625
1483	0.0068747727
1484	0.0072188093
1485	0.006450067
1486	0.0062904917
1487	0.006115449
1488	0.006619491
1489	0.0058908877
1490	0.005858316
1491	0.0056070355
1492	0.005619595
1493	0.006032938
1494	0.0059826523
1495	0.006226653
1496	0.0063401265
1497	0.0065616937
1498	0.006433778
1499	0.007220667
1500	0.0068932585
1501	0.0075764246
1502	0.0068130232
1503	0.0074729295
1504	0.0074425777
1505	0.007123432
1506	0.0064373044
1507	0.005915286
1508	0.0068161087
1509	0.00635072
1510	0.0060430206
1511	0.0057142247
1512	0.0062063504
1513	0.006309012
1514	0.006913891
1515	0.0066985628
1516	0.0071365517
1517	0.007851707
1518	0.0075042285
1519	0.006787339
1520	0.0072250613
1521	0.006309082
1522	0.007336667
1523	0.006860896
1524	0.0066810306
1525	0.0064590406
1526	0.0058570104
1527	0.0060282554
1528	0.0060709356
1529	0.005711904
1530	0.0058943396
1531	0.0057378937
1532	0.005584477
1533	0.0062320484
1534	0.006167884
1535	0.006280142
1536	0.0069348817
1537	0.0065703113
1538	0.006603918
1539	0.0061688265
1540	0.006176523
1541	0.006350248
1542	0.0060910694
1543	0.006285408
1544	0.0065852115
1545	0.0061457995
1546	0.0067640115
1547	0.006309043
1548	0.0063204803
1549	0.0061528133
1550	0.0060168244
1551	0.005760394
1552	0.0059785414
1553	0.005680493
1554	0.0055393893
1555	0.005827046
1556	0.0053476603
1557	0.0057454635
1558	0.006168699
1559	0.0065342765
1560	0.006720525
1561	0.006824905
1562	0.0059515573
1563	0.006164505
1564	0.0061820038
1565	0.006023013
1566	0.0066207238
1567	0.005916832
1568	0.005932862
1569	0.005991067
1570	0.00616636
1571	0.0064646252
1572	0.0065331627
1573	0.0072794766
1574	0.008965196
1575	0.008930339
1576	0.008207412
1577	0.008533894
1578	0.009362667
1579	0.007253695
1580	0.0074072382
1581	0.0064596366
1582	0.0063175624
1583	0.0061517693
1584	0.006220942
1585	0.005701041
1586	0.0063354773
1587	0.005827331
1588	0.0058489935
1589	0.005471578
1590	0.005715918
1591	0.0054767593
1592	0.005465627
1593	0.005732278
1594	0.0057617235
1595	0.005551976
1596	0.0056424225
1597	0.0055976636
1598	0.0057887826
1599	0.005808443
1600	0.0055479463
1601	0.0058240416
1602	0.005377082
1603	0.0056749713
1604	0.005226259
1605	0.0054339278
1606	0.005420186
1607	0.0052662687
1608	0.0055840015
1609	0.005488255
1610	0.005454027
1611	0.005684249
1612	0.0055879746
1613	0.005303378
1614	0.0051359213
1615	0.0057921754
1616	0.0056340797
1617	0.0058616437
1618	0.005807965
1619	0.005793025
1620	0.006236372
1621	0.006076019
1622	0.0058332304
1623	0.005814179
1624	0.005808288
1625	0.0062923264
1626	0.006560105
1627	0.0063621765
1628	0.0060909363
1629	0.0065466557
1630	0.005915636
1631	0.0059992457
1632	0.00586111
1633	0.0058521293
1634	0.005911315
1635	0.0054547284
1636	0.005969406
1637	0.00589493
1638	0.0058584353
1639	0.006034008
1640	0.005887743
1641	0.0061394777
1642	0.006022124
1643	0.0061626397
1644	0.006186449
1645	0.006200199
1646	0.006245394
1647	0.0062451074
1648	0.005750429
1649	0.0058284584
1650	0.0053954227
1651	0.0055999365
1652	0.005721011
1653	0.006145118
1654	0.0059201224
1655	0.005947656
1656	0.0056388765
1657	0.0055838693
1658	0.005294752
1659	0.0055695274
1660	0.0056417575
1661	0.0057541234
1662	0.0059466446
1663	0.005822025
1664	0.0059471354
1665	0.005909309
1666	0.0061164335
1667	0.006104839
1668	0.0073169246
1669	0.007564918
1670	0.006641169
1671	0.0084051825
1672	0.0069096694
1673	0.0064250277
1674	0.006680632
1675	0.006528578
1676	0.006404234
1677	0.0063779745
1678	0.0058933985
1679	0.005721694
1680	0.0056730965
1681	0.005752786
1682	0.005738829
1683	0.0060120616
1684	0.005800153
1685	0.005929736
1686	0.006346186
1687	0.0058234185
1688	0.005737994
1689	0.0057706684
1690	0.0060235215
1691	0.006182374
1692	0.006217057
1693	0.006420416
1694	0.0066730953
1695	0.007129535
1696	0.007815492
1697	0.007571706
1698	0.0071911067
1699	0.0070958445
1700	0.0075857528
1701	0.00656638
1702	0.0065257265
1703	0.0070526274
1704	0.006303802
1705	0.0059690117
1706	0.0059135044
1707	0.005820109
1708	0.0056949165
1709	0.005884043
1710	0.0059056766
1711	0.006054074
1712	0.0058309804
1713	0.0055525186
1714	0.005233884
1715	0.0055544125
1716	0.0051634377
1717	0.0052840766
1718	0.005692753
1719	0.006134636
1720	0.009152055
1721	0.0066809254
1722	0.0068004574
1723	0.0067252824
1724	0.0064167627
1725	0.0057789274
1726	0.0060402327
1727	0.0058679027
1728	0.005556454
1729	0.0059386445
1730	0.0059492923
1731	0.006392449
1732	0.0064632343
1733	0.006612831
1734	0.0066624945
1735	0.00633519
1736	0.0063913492
1737	0.0063682385
1738	0.006350018
1739	0.0060650217
1740	0.0060885125
1741	0.00652397
1742	0.0067770923
1743	0.00689501
1744	0.006400468
1745	0.006542679
1746	0.0068162773
1747	0.0065650414
1748	0.006766531
1749	0.0068334294
1750	0.006782851
1751	0.0069593997
1752	0.006726074
1753	0.006663006
1754	0.006986269
1755	0.0075476756
1756	0.007234348
1757	0.0070936917
1758	0.0067386273
1759	0.0070046205
1760	0.006908331
1761	0.0068126135
1762	0.007416633
1763	0.0064635184
1764	0.0063104974
1765	0.006156024
1766	0.0060646245
1767	0.006082737
1768	0.0066593755
1769	0.0064121312
1770	0.006411505
1771	0.006441208
1772	0.0063367235
1773	0.006007485
1774	0.006183328
1775	0.0061428295
1776	0.0060126847
1777	0.0059352405
1778	0.0058898265
1779	0.006469163
1780	0.006250381
1781	0.0064272257
1782	0.006607882
1783	0.0071375733
1784	0.0058044037
1785	0.0056185587
1786	0.006863498
1787	0.00588675
1788	0.0063476562
1789	0.006661619
1790	0.0066085425
1791	0.006504349
1792	0.0071103135
1793	0.0072726165
1794	0.0064218193
1795	0.0065006465
1796	0.006939357
1797	0.006376719
1798	0.006671272
1799	0.006572741
1800	0.0062740515
1801	0.0057018744
1802	0.0057324106
1803	0.00604459
1804	0.0069116135
1805	0.006090801
1806	0.0066280244
1807	0.0077894796
1808	0.006325985
1809	0.006973463
1810	0.0060637854
1811	0.006627366
1812	0.0077586663
1813	0.0071030427
1814	0.007188173
1815	0.0066323113
1816	0.006316128
1817	0.006204132
1818	0.005807482
1819	0.0057450654
1820	0.005799016
1821	0.0057800785
1822	0.0060785483
1823	0.005978343
1824	0.0060785986
1825	0.0057777907
1826	0.005574542
1827	0.005578967
1828	0.0054589184
1829	0.0056544947
1830	0.0059086774
1831	0.0060917847
1832	0.005954616
1833	0.005710669
1834	0.0054459805
1835	0.005664694
1836	0.0052614044
1837	0.005613535
1838	0.005641803
1839	0.0054715346
1840	0.005445046
1841	0.005637726
1842	0.005773305
1843	0.0061392253
1844	0.0059484504
1845	0.006028669
1846	0.005830599
1847	0.005741657
1848	0.005953404
1849	0.0060907924
1850	0.0060828133
1851	0.006280904
1852	0.00558987
1853	0.0059320866
1854	0.0056741624
1855	0.005839521
1856	0.0057108104
1857	0.0058949986
1858	0.005826325
1859	0.0060548307
1860	0.0060442924
1861	0.0062373956
1862	0.006157308
1863	0.0065509337
1864	0.0065615284
1865	0.007394544
1866	0.0073017343
1867	0.008074945
1868	0.0070811035
1869	0.007370768
1870	0.0070887622
1871	0.006869785
1872	0.006996625
1873	0.0069364635
1874	0.010343572
1875	0.0064843604
1876	0.00605926
1877	0.0058496296
1878	0.005856624
1879	0.008182671
1880	0.006639436
1881	0.0062538385
1882	0.0059521478
1883	0.006031149
1884	0.0058020237
1885	0.0052920924
1886	0.0055728997
1887	0.0055812118
1888	0.0057841297
1889	0.0055536614
1890	0.005525342
1891	0.0058090063
1892	0.005825354
1893	0.0058041913
1894	0.005711283
1895	0.0058516776
1896	0.0062622735
1897	0.00585379
1898	0.0060610315
1899	0.0064018834
1900	0.0062388033
1901	0.006046431
1902	0.0065114414
1903	0.0062201647
1904	0.005940845
1905	0.0056965584
1906	0.0060506556
1907	0.006053399
1908	0.006224828
1909	0.0063456716
1910	0.006090357
1911	0.0060221916
1912	0.0062229484
1913	0.00583118
1914	0.00625908
1915	0.00589823
1916	0.006030836
1917	0.005658715
1918	0.005955552
1919	0.0059037386
1920	0.0059862146
1921	0.006350902
1922	0.0062573343
1923	0.0058665494
1924	0.005810059
1925	0.0057035
1926	0.0059165256
1927	0.0057558385
1928	0.0059738583
1929	0.00596481
1930	0.00566125
1931	0.0053047733
1932	0.005294165
1933	0.0052956957
1934	0.0055112336
1935	0.0055095544
1936	0.005580379
1937	0.005976733
1938	0.0057227816
1939	0.005833761
1940	0.0060396376
1941	0.0056176586
1942	0.0056273756
1943	0.006308467
1944	0.005812018
1945	0.0059836777
1946	0.0060659754
1947	0.0055479836
1948	0.00585304
1949	0.005980052
1950	0.0057601184
1951	0.0058250846
1952	0.0060956683
1953	0.006112458
1954	0.0060461685
1955	0.005973595
1956	0.006078103
1957	0.0060948282
1958	0.0060272757
1959	0.0062987376
1960	0.0065456554
1961	0.00639161
1962	0.006773834
1963	0.006164982
1964	0.0063061705
1965	0.0064291516
1966	0.006092654
1967	0.006368789
1968	0.006034466
1969	0.0061258134
1970	0.0058323927
1971	0.0056542666
1972	0.005766747
1973	0.0057305787
1974	0.005942003
1975	0.0060033854
1976	0.0065671345
1977	0.006743812
1978	0.0074817967
1979	0.005963604
1980	0.0060977703
1981	0.005993698
1982	0.0060401238
1983	0.005934951
1984	0.00581944
1985	0.00607666
1986	0.0059331567
1987	0.0059702266
1988	0.0060799364
1989	0.006171466
1990	0.0069094007
1991	0.006600107
1992	0.0063802414
1993	0.006942338
1994	0.006203877
1995	0.0057586115
1996	0.0058249068
1997	0.005584169
1998	0.0052247355
1999	0.00541774
2000	0.0058458205
2001	0.0055287583
2002	0.005852877
2003	0.00604646
2004	0.0056803282
2005	0.006004623
2006	0.005882712
2007	0.0055456087
2008	0.0063003474
2009	0.0061436193
2010	0.0068649305
2011	0.006934207
2012	0.0073664505
2013	0.007827137
2014	0.0069129975
2015	0.00646445
2016	0.0075189015
2017	0.0066537596
2018	0.006305857
2019	0.006525144
2020	0.005567481
2021	0.005349623
2022	0.005428578
2023	0.0056942105
2024	0.005497932
2025	0.0055590626
2026	0.0052320682
2027	0.005313281
2028	0.0051572127
2029	0.0056474833
2030	0.005857491
2031	0.0059202155
2032	0.00581576
2033	0.0058500553
2034	0.0058224928
2035	0.0057347133
2036	0.00551672
2037	0.0055580353
2038	0.0055705877
2039	0.0056640557
2040	0.005659165
2041	0.005586122
2042	0.0059734643
2043	0.005856091
2044	0.005644755
2045	0.0058517074
2046	0.0056141424
2047	0.0055427053
2048	0.0057093427
2049	0.0057936553
2050	0.0058087464
2051	0.005953324
2052	0.005735171
2053	0.0056086364
2054	0.005592023
2055	0.0058494937
2056	0.0056978436
2057	0.005730915
2058	0.0057240324
2059	0.0059552416
2060	0.0059318948
2061	0.006333356
2062	0.00608623
2063	0.005978252
2064	0.0063431757
2065	0.0057776943
2066	0.006061655
2067	0.0059345523
2068	0.0060325954
2069	0.0057430863
2070	0.005604822
2071	0.005697206
2072	0.0056637214
2073	0.005935294
2074	0.0057283896
2075	0.0058056857
2076	0.0061110146
2077	0.006525087
2078	0.005880759
2079	0.006237939
2080	0.0064523127
2081	0.0057720486
2082	0.005858483
2083	0.006049779
2084	0.005635648
2085	0.0058177635
2086	0.005609772
2087	0.005593317
2088	0.0055425484
2089	0.0062120315
2090	0.0060940273
2091	0.00600819
2092	0.0060649635
2093	0.0060914233
2094	0.0055689663
2095	0.006233686
2096	0.0058467314
2097	0.0060399286
2098	0.0061312877
2099	0.006619242
2100	0.006215737
2101	0.00641745
2102	0.0064957277
2103	0.0060864664
2104	0.006968698
2105	0.0059328475
2106	0.006156009
2107	0.00596413
2108	0.0060838684
2109	0.0058892723
2110	0.005772108
2111	0.00580418
2112	0.006137915
2113	0.0062300954
2114	0.0062364666
2115	0.0066851303
2116	0.0068377825
2117	0.0077855047
2118	0.008968055
2119	0.00848422
2120	0.009883712
2121	0.009599235
2122	0.011476413
2123	0.009067487
2124	0.009093754
2125	0.0074043646
2126	0.00850817
2127	0.0068279766
2128	0.007037401
2129	0.005949754
2130	0.005411541
2131	0.005393673
2132	0.0053936485
2133	0.005394481
2134	0.0058251424
2135	0.006195512
2136	0.005767462
2137	0.005892503
2138	0.0057830154
2139	0.0061034383
2140	0.005843032
2141	0.00560259
2142	0.0057418505
2143	0.0060900133
2144	0.0054768366
2145	0.005513282
2146	0.0055992114
2147	0.0055525326
2148	0.0057131546
2149	0.0059636864
2150	0.005771053
2151	0.0057242615
2152	0.005802638
2153	0.0057141944
2154	0.005968195
2155	0.0059984783
2156	0.006427694
2157	0.0063606533
2158	0.0067077074
2159	0.008683069
2160	0.0072219004
2161	0.0077150064
2162	0.0067397403
2163	0.006477611
2164	0.007316927
2165	0.0058951518
2166	0.0063532884
2167	0.0063168798
2168	0.0062034233
2169	0.0061483746
2170	0.006067942
2171	0.006178965
2172	0.0063137915
2173	0.005821602
2174	0.005647228
2175	0.005839912
2176	0.0056531094
2177	0.005899867
2178	0.006060666
2179	0.0060775243
2180	0.0061958376
2181	0.006391747
2182	0.0058229016
2183	0.005994159
2184	0.0056126453
2185	0.005795354
2186	0.005540734
2187	0.0059699547
2188	0.00551502
2189	0.005710788
2190	0.0061944528
2191	0.00601535
2192	0.0059803026
2193	0.0062453123
2194	0.005771826
2195	0.005696503
2196	0.0062102955
2197	0.0057041794
2198	0.005789648
2199	0.006133887
2200	0.0061944183
2201	0.0062020402
2202	0.007646205
2203	0.009577732
2204	0.00750143
2205	0.006966662
2206	0.0077314964
2207	0.0068583246
2208	0.0071725696
2209	0.0070290137
2210	0.007332895
2211	0.006726834
2212	0.008771673
2213	0.0076211477
2214	0.0076312306
2215	0.007567864
2216	0.007337254
2217	0.008431585
2218	0.007760452
2219	0.009224346
2220	0.00868511
2221	0.0072483486
2222	0.0069907093
2223	0.006356891
2224	0.00607741
2225	0.0059258277
2226	0.0055678426
2227	0.005897467
2228	0.005774695
2229	0.005892708
2230	0.005913184
2231	0.006437959
2232	0.006537347
2233	0.0065102754
2234	0.006170832
2235	0.0059791855
2236	0.0056729782
2237	0.0056541273
2238	0.0057249805
2239	0.0062296093
2240	0.0059414054
2241	0.0061817057
2242	0.006131066
2243	0.006080031
2244	0.0054594576
2245	0.0055932156
2246	0.0055912742
2247	0.0058333557
2248	0.005856478
2249	0.006108062
2250	0.0058528874
2251	0.0061222333
2252	0.0061788075
2253	0.0061154487
2254	0.005891459
2255	0.0057902094
2256	0.005857217
2257	0.0059474353
2258	0.0063965153
2259	0.006208958
2260	0.0064708125
2261	0.008330874
2262	0.0073379325
2263	0.0069899773
2264	0.0067915535
2265	0.0092592705
2266	0.007874572
2267	0.006013817
2268	0.005660092
2269	0.0053919354
2270	0.0052709794
2271	0.0051833075
2272	0.0052277893
2273	0.0058569065
2274	0.005637458
2275	0.005720321
2276	0.0057990453
2277	0.005935231
2278	0.005582442
2279	0.005537263
2280	0.0055558356
2281	0.005461309
2282	0.0053369384
2283	0.0054282183
2284	0.0051418375
2285	0.0061434787
2286	0.0059215967
2287	0.006147694
2288	0.0062252623
2289	0.0068427967
2290	0.0074819797
2291	0.0071379086
2292	0.0069819624
2293	0.007656192
2294	0.0069491575
2295	0.0070286933
2296	0.007825658
2297	0.0073309783
2298	0.0072991108
2299	0.006349383
2300	0.0061626723
2301	0.005785456
2302	0.005688199
2303	0.005760319
2304	0.005876615
2305	0.006036197
2306	0.0059531443
2307	0.0065431185
2308	0.006578074
2309	0.006503677
2310	0.006529093
2311	0.0058819465
2312	0.0062569687
2313	0.0064667873
2314	0.00650529
2315	0.0065105134
2316	0.0062483856
2317	0.0064159995
2318	0.0062727397
2319	0.0067500807
2320	0.0065512704
2321	0.005988394
2322	0.0064638765
2323	0.006910044
2324	0.007405305
2325	0.0075476402
2326	0.009882487
2327	0.008349691
2328	0.009106573
2329	0.008378554
2330	0.0074805277
2331	0.007877143
2332	0.006861304
2333	0.006775746
2334	0.006039585
2335	0.005800779
2336	0.0061678886
2337	0.0057144584
2338	0.005564956
2339	0.006142741
2340	0.0063170847
2341	0.006219852
2342	0.006683346
2343	0.006253132
2344	0.0065745898
2345	0.006635427
2346	0.006282297
2347	0.0061099054
2348	0.0058044726
2349	0.005496911
2350	0.0062041422
2351	0.005407433
2352	0.00537607
2353	0.005106045
2354	0.0050935647
2355	0.0052934196
2356	0.0058408226
2357	0.005773602
2358	0.0062044812
2359	0.006539287
2360	0.0066942563
2361	0.0063741524
2362	0.0068474994
2363	0.009024801
2364	0.0071048196
2365	0.0070076613
2366	0.007180479
2367	0.006574534
2368	0.007271856
2369	0.0073554725
2370	0.0068572527
2371	0.0063798986
2372	0.0065533333
2373	0.0061468594
2374	0.006186536
2375	0.006929746
2376	0.0074140443
2377	0.00786945
2378	0.008084256
2379	0.0076973615
2380	0.008584206
2381	0.0068741087
2382	0.0066243485
2383	0.006207687
2384	0.0060197576
2385	0.0055428604
2386	0.0056057298
2387	0.005946801
2388	0.0058537377
2389	0.0059192064
2390	0.0056884577
2391	0.0055231676
2392	0.0057377787
2393	0.005776027
2394	0.005512709
2395	0.005131129
2396	0.005372311
2397	0.0053074737
2398	0.0055462765
2399	0.0059007737
2400	0.0059716324
2401	0.0063526966
2402	0.0066440674
2403	0.008061703
2404	0.007881893
2405	0.0075163734
2406	0.012547037
2407	0.010165875
2408	0.008046061
2409	0.007998953
2410	0.006876448
2411	0.0073164655
2412	0.0065505034
2413	0.006307599
2414	0.0063209785
2415	0.006235105
2416	0.0062504904
2417	0.006369879
2418	0.0063514234
2419	0.0059131514
2420	0.0061077215
2421	0.0060932
2422	0.005844347
2423	0.0062496094
2424	0.0059721367
2425	0.0063616745
2426	0.006197581
2427	0.006157656
2428	0.006372922
2429	0.0064482465
2430	0.006367385
2431	0.006075034
2432	0.006205738
2433	0.0063927947
2434	0.0061051613
2435	0.0061350185
2436	0.0067013334
2437	0.0064266613
2438	0.006425471
2439	0.0063932706
2440	0.006043449
2441	0.006188903
2442	0.006425248
2443	0.0059149386
2444	0.0060760975
2445	0.0057296087
2446	0.006114887
2447	0.0062985327
2448	0.0061452473
2449	0.005951208
2450	0.005846821
2451	0.005794976
2452	0.005675279
2453	0.0064003533
2454	0.0062969467
2455	0.0063079754
2456	0.0063167866
2457	0.006551283
2458	0.0064124074
2459	0.0064589977
2460	0.006293703
2461	0.006255947
2462	0.0064445017
2463	0.00607113
2464	0.005799668
2465	0.0060076034
2466	0.0061348835
2467	0.005612997
2468	0.005787125
2469	0.005878891
2470	0.00552677
2471	0.005257232
2472	0.0051966095
2473	0.0050284863
2474	0.0048047584
2475	0.0049787597
2476	0.00545102
2477	0.0056002587
2478	0.006340729
2479	0.0065476955
2480	0.006293768
2481	0.008830483
2482	0.0072885696
2483	0.0071091177
2484	0.0062227533
2485	0.006159256
2486	0.00591173
2487	0.005763066
2488	0.005918964
2489	0.005715371
2490	0.005962057
2491	0.0061585074
2492	0.0064645316
2493	0.007086431
2494	0.007034562
2495	0.006413925
2496	0.00639987
2497	0.006022745
2498	0.0057523777
2499	0.005943901
2500	0.0059327614
2501	0.0059966072
2502	0.005844439
2503	0.005962939
2504	0.006033766
2505	0.0060546137
2506	0.006413358
2507	0.0056398218
2508	0.0059167454
2509	0.0058369264
2510	0.0055943173
2511	0.0057198023
2512	0.0055785766
2513	0.0056234924
2514	0.0060810233
2515	0.0055943243
2516	0.005354028
2517	0.005414636
2518	0.005284882
2519	0.0053819604
2520	0.0056750397
2521	0.006026347
2522	0.0060886983
2523	0.008834022
2524	0.0067009022
2525	0.0072825514
2526	0.0070750425
2527	0.005953084
2528	0.0060726176
2529	0.0057778857
2530	0.0061849123
2531	0.006532518
2532	0.006652399
2533	0.0058093485
2534	0.0070114224
2535	0.006318259
2536	0.0071457475
2537	0.0072297407
2538	0.008353235
2539	0.008041159
2540	0.009701604
2541	0.007535523
2542	0.007612183
2543	0.0067222575
2544	0.0066901795
2545	0.0061527495
2546	0.0059380117
2547	0.006300831
2548	0.0060587423
2549	0.0067920457
2550	0.007961364
2551	0.0065823626
2552	0.008189058
2553	0.0074597965
2554	0.006556634
2555	0.006475082
2556	0.0061166813
2557	0.0060366443
2558	0.0061042714
2559	0.0063025584
2560	0.0074763857
2561	0.007800648
2562	0.010596788
2563	0.010325171
2564	0.008354956
2565	0.0077008195
2566	0.007333421
2567	0.0069491714
2568	0.0069939247
2569	0.006657862
2570	0.006408731
2571	0.006240559
2572	0.0058890884
2573	0.0061112186
2574	0.006322256
2575	0.0067878026
2576	0.0077669285
2577	0.0073801717
2578	0.0073942533
2579	0.007859809
2580	0.007080611
2581	0.0067545446
2582	0.0069959015
2583	0.006641215
2584	0.0069022374
2585	0.007265306
2586	0.0072519234
2587	0.0145486295
2588	0.008542784
2589	0.008164327
2590	0.0077623646
2591	0.0064743855
2592	0.0061994228
2593	0.005807083
2594	0.0060306685
2595	0.005767363
2596	0.0057903887
2597	0.0062024156
2598	0.0060880333
2599	0.006171182
2600	0.0060452605
2601	0.0059546577
2602	0.006201717
2603	0.005958128
2604	0.0060637984
2605	0.0057751997
2606	0.0058719185
2607	0.0060226815
2608	0.0063236607
2609	0.0063074203
2610	0.0068706973
2611	0.0065664705
2612	0.0069713127
2613	0.00722103
2614	0.007571983
2615	0.006796182
2616	0.0064207134
2617	0.0061217602
2618	0.006254285
2619	0.0056414697
2620	0.0053492067
2621	0.005684418
2622	0.0059668496
2623	0.0060566114
2624	0.006080771
2625	0.00601936
2626	0.0061999764
2627	0.006060339
2628	0.006336174
2629	0.00622008
2630	0.005848136
2631	0.0057899198
2632	0.005601107
2633	0.00536732
2634	0.0056361607
2635	0.005577172
2636	0.005440696
2637	0.005623428
2638	0.0056338534
2639	0.0058076815
2640	0.006194592
2641	0.0057950816
2642	0.0071037
2643	0.0065819016
2644	0.0062164487
2645	0.00622004
2646	0.0059723826
2647	0.006305642
2648	0.006127066
2649	0.0057210005
2650	0.005671342
2651	0.005782066
2652	0.0062775277
2653	0.0064887106
2654	0.006192509
2655	0.006584567
2656	0.006517926
2657	0.006800762
2658	0.0069705658
2659	0.00658508
2660	0.0063619316
2661	0.0063856677
2662	0.006035349
2663	0.0058258735
2664	0.006304708
2665	0.006294359
2666	0.0061244303
2667	0.006134296
2668	0.0058494704
2669	0.0059227217
2670	0.00531206
2671	0.0054676025
2672	0.0058417553
2673	0.0061154435
2674	0.0061796512
2675	0.006395421
2676	0.005870538
2677	0.0056470856
2678	0.005877395
2679	0.0056062546
2680	0.0059968093
2681	0.0077790637
2682	0.0063386085
2683	0.006658747
2684	0.006574234
2685	0.0062091
2686	0.006392571
2687	0.006617153
2688	0.006104731
2689	0.0060949503
2690	0.0064192517
2691	0.0063598542
2692	0.0060509196
2693	0.006075197
2694	0.005922786
2695	0.0058002607
2696	0.0059106452
2697	0.0062242905
2698	0.005809824
2699	0.005735174
2700	0.0062937345
2701	0.005775854
2702	0.006277435
2703	0.007838848
2704	0.0062826937
2705	0.006471766
2706	0.0061668837
2707	0.0058686202
2708	0.007354233
2709	0.006337285
2710	0.006005471
2711	0.006413771
2712	0.0064150705
2713	0.0057294443
2714	0.0056664757
2715	0.0058859307
2716	0.005960661
2717	0.0057051815
2718	0.005436746
2719	0.0060655926
2720	0.006062646
2721	0.0057854997
2722	0.0057207593
2723	0.006598229
2724	0.005745964
2725	0.0056550466
2726	0.00592516
2727	0.0058504995
2728	0.005939086
2729	0.005742979
2730	0.0061898637
2731	0.0057056677
2732	0.0057360646
2733	0.005629683
2734	0.0058598043
2735	0.005596445
2736	0.006514786
2737	0.005453686
2738	0.0055433484
2739	0.005827262
2740	0.005588315
2741	0.005782047
2742	0.005323363
2743	0.005754163
2744	0.0064491034
2745	0.0059336917
2746	0.0062587447
2747	0.006626612
2748	0.0070147933
2749	0.0067993607
2750	0.006841205
2751	0.006551144
2752	0.0058000777
2753	0.0060264915
2754	0.0061280075
2755	0.0059125796
2756	0.0056587006
2757	0.005780368
2758	0.005621587
2759	0.0054921936
2760	0.005413276
2761	0.005716989
2762	0.0051890546
2763	0.005145413
2764	0.0051721646
2765	0.005044125
2766	0.005430827
2767	0.00572549
2768	0.006295981
2769	0.007431111
2770	0.006711524
2771	0.0071554724
2772	0.0073127868
2773	0.0062546935
2774	0.006194154
2775	0.005603768
2776	0.005781424
2777	0.0056562563
2778	0.005672548
2779	0.005873502
2780	0.005716232
2781	0.0056515597
2782	0.0057310937
2783	0.0062780725
2784	0.0062545966
2785	0.006515475
2786	0.0076751024
2787	0.0071646483
2788	0.0067768185
2789	0.006746773
2790	0.006325613
2791	0.006311601
2792	0.006072539
2793	0.0058683725
2794	0.006271085
2795	0.005866565
2796	0.0057909456
2797	0.005831974
2798	0.005989994
2799	0.0062970836
2800	0.0062971525
2801	0.00641122
2802	0.007250878
2803	0.0063417023
2804	0.006449233
2805	0.006257014
2806	0.0062382948
2807	0.0059376415
2808	0.0063023353
2809	0.00645312
2810	0.0064097964
2811	0.0057632606
2812	0.006176747
2813	0.0060974015
2814	0.0062568663
2815	0.0068658134
2816	0.0066143535
2817	0.006555018
2818	0.0064111166
2819	0.0060260654
2820	0.00616791
2821	0.006048543
2822	0.005874738
2823	0.006102862
2824	0.006496922
2825	0.006272044
2826	0.0064163134
2827	0.006133386
2828	0.005882869
2829	0.005879431
2830	0.0056091268
2831	0.0054076887
2832	0.0054076435
2833	0.005377698
2834	0.005780521
2835	0.0056189355
2836	0.005884275
2837	0.0059978124
2838	0.005794841
2839	0.0059589697
2840	0.005920655
2841	0.006079696
2842	0.0059684236
2843	0.0060124258
2844	0.00628969
2845	0.0062260386
2846	0.007001131
2847	0.0073815994
2848	0.0069031613
2849	0.006651013
2850	0.005682414
2851	0.0060977805
2852	0.005879961
2853	0.0059060687
2854	0.005581164
2855	0.0062110364
2856	0.006197378
2857	0.00643624
2858	0.0059751766
2859	0.007149048
2860	0.011331074
2861	0.0067414525
2862	0.007190971
2863	0.0070258416
2864	0.0063237874
2865	0.006262827
2866	0.0058039175
2867	0.0060646264
2868	0.006403663
2869	0.0064142942
2870	0.0065762885
2871	0.006298869
2872	0.0060910555
2873	0.0062213894
2874	0.006350115
2875	0.006427885
2876	0.008255169
2877	0.0069611873
2878	0.0070632407
2879	0.0073268935
2880	0.0069442852
2881	0.0068011754
2882	0.008736176
2883	0.0064795297
2884	0.006358525
2885	0.005848407
2886	0.005925277
2887	0.005597226
2888	0.005564181
2889	0.005614847
2890	0.0055302028
2891	0.0056714467
2892	0.0057023875
2893	0.005872571
2894	0.006221651
2895	0.006523115
2896	0.0065997755
2897	0.0072936295
2898	0.0068455776
2899	0.0068032434
2900	0.0068026427
2901	0.006934507
2902	0.006121547
2903	0.006153807
2904	0.0072301524
2905	0.0060625225
2906	0.0059062866
2907	0.005964466
2908	0.0067222165
2909	0.007432522
2910	0.008310767
2911	0.009368677
2912	0.009688752
2913	0.015336151
2914	0.009033977
2915	0.008940975
2916	0.00830842
2917	0.006964761
2918	0.0068221297
2919	0.0062974803
2920	0.0065553677
2921	0.006894918
2922	0.0072347065
2923	0.009633809
2924	0.007157796
2925	0.007529982
2926	0.00774427
2927	0.0075798985
2928	0.007739451
2929	0.007141606
2930	0.0072095003
2931	0.0073098773
2932	0.006826814
2933	0.008211345
2934	0.0074899085
2935	0.00790079
2936	0.008172385
2937	0.007703258
2938	0.008140456
2939	0.013690993
2940	0.007205668
2941	0.007066627
2942	0.0064082174
2943	0.0061793355
2944	0.0054045236
2945	0.005853393
2946	0.005751946
2947	0.006009831
2948	0.006351699
2949	0.006777282
2950	0.0061807195
2951	0.006238401
2952	0.006391663
2953	0.005914822
2954	0.0060400087
2955	0.0060257036
2956	0.0063194307
2957	0.0063233557
2958	0.0068492247
2959	0.007164478
2960	0.008541357
2961	0.008565037
2962	0.006329857
2963	0.006225625
2964	0.0060514244
2965	0.006530978
2966	0.005754457
2967	0.006052888
2968	0.006512991
2969	0.007162501
2970	0.006492255
2971	0.007119888
2972	0.0068998947
2973	0.006329933
2974	0.006461695
2975	0.007824243
2976	0.00687171
2977	0.0065161325
2978	0.0070909476
2979	0.0061268634
2980	0.006236852
2981	0.006669456
2982	0.006648651
2983	0.0072202804
2984	0.0071308035
2985	0.007354037
2986	0.008564605
2987	0.007709709
2988	0.0083724465
2989	0.0071139284
2990	0.008414788
2991	0.0081544835
2992	0.00927084
2993	0.008571164
2994	0.008706726
2995	0.01028959
2996	0.011887813
2997	0.008505346
2998	0.008843381
2999	0.007918468
3000	0.008777624
3001	0.008298699
3002	0.00822554
3003	0.01677879
3004	0.008416507
3005	0.008458743
3006	0.007839822
3007	0.0069499994
3008	0.0064893123
3009	0.0059533683
3010	0.0056904107
3011	0.0056449613
3012	0.005663949
3013	0.005600565
3014	0.0058312453
3015	0.0060398793
3016	0.005805129
3017	0.005531679
3018	0.005801186
3019	0.005640422
3020	0.0061301948
3021	0.0055992743
3022	0.0058772634
3023	0.006152467
3024	0.0065876637
3025	0.006252082
3026	0.0066179656
3027	0.008103386
3028	0.0057831975
3029	0.005600438
3030	0.0052387705
3031	0.0052703386
3032	0.0053078746
3033	0.0056127645
3034	0.006012194
3035	0.006278883
3036	0.0061268928
3037	0.0063916696
3038	0.0064876527
3039	0.005980217
3040	0.0057369936
3041	0.0052036108
3042	0.005572091
3043	0.005307553
3044	0.0056820726
3045	0.0059072715
3046	0.0055319592
3047	0.006179249
3048	0.006446438
3049	0.006537747
3050	0.0070275185
3051	0.010810126
3052	0.0067805485
3053	0.006857218
3054	0.0068273405
3055	0.0059497394
3056	0.0063603846
3057	0.0060589593
3058	0.007019232
3059	0.0071628513
3060	0.00791158
3061	0.0068984833
3062	0.0067471387
3063	0.0065693404
3064	0.006451932
3065	0.0061866073
3066	0.006590929
3067	0.0075189555
3068	0.006395113
3069	0.0065041464
3070	0.0063305087
3071	0.005942678
3072	0.005767376
3073	0.0059014326
3074	0.006041702
3075	0.0061444943
3076	0.0065462706
3077	0.0065410603
3078	0.006015531
3079	0.005953422
3080	0.0061182803
3081	0.00605681
3082	0.0057824636
3083	0.0060224105
3084	0.005956553
3085	0.0060899006
3086	0.0060385214
3087	0.0055758194
3088	0.005378249
3089	0.006158472
3090	0.006842913
3091	0.006256276
3092	0.0061155967
3093	0.006673103
3094	0.006356827
3095	0.0063004126
3096	0.0060507297
3097	0.00584526
3098	0.00572299
3099	0.006029208
3100	0.005590328
3101	0.00607955
3102	0.0058650123
3103	0.0060789734
3104	0.0058226017
3105	0.0060637654
3106	0.0058861114
3107	0.00556654
3108	0.0059132865
3109	0.005784832
3110	0.0062335604
3111	0.0062856525
3112	0.006186948
3113	0.006116694
3114	0.005854321
3115	0.0056898226
3116	0.005473677
3117	0.0054612113
3118	0.0056137
3119	0.0058262786
3120	0.005292844
3121	0.0056016864
3122	0.005871471
3123	0.0057783574
3124	0.008185385
3125	0.0067326915
3126	0.007485872
3127	0.0077725165
3128	0.0078265
3129	0.007570043
3130	0.008269545
3131	0.008436367
3132	0.008965306
3133	0.009351137
3134	0.009607527
3135	0.006938108
3136	0.0074599516
3137	0.007152102
3138	0.0061041964
3139	0.0064957114
3140	0.0060270345
3141	0.006022451
3142	0.0062344144
3143	0.005953293
3144	0.006276493
3145	0.006290574
3146	0.0060578515
3147	0.0066020684
3148	0.0067812777
3149	0.0070870966
3150	0.008856704
3151	0.007169661
3152	0.009590602
3153	0.007069492
3154	0.006653219
3155	0.0063985735
3156	0.0058698608
3157	0.00602025
3158	0.0060767
3159	0.0049217036
3160	0.0053270203
3161	0.0056991535
3162	0.0055991267
3163	0.006586776
3164	0.006054161
3165	0.0065101227
3166	0.007699278
3167	0.0068250718
3168	0.0073267994
3169	0.006460692
3170	0.006539398
3171	0.006383273
3172	0.00652463
3173	0.006426695
3174	0.0061634313
3175	0.006182703
3176	0.006512838
3177	0.007083798
3178	0.008551604
3179	0.00810305
3180	0.007216926
3181	0.0073228134
3182	0.0070195403
3183	0.006544669
3184	0.00732682
3185	0.008855763
3186	0.0065791737
3187	0.007164064
3188	0.0069343774
3189	0.0064667184
3190	0.008449267
3191	0.006519475
3192	0.0070356145
3193	0.0070621343
3194	0.0064540254
3195	0.0066831084
3196	0.006506844
3197	0.0062854784
3198	0.006056154
3199	0.006948785
3200	0.0060873814
3201	0.006095634
3202	0.005712768
3203	0.005760817
3204	0.0052859667
3205	0.0057503097
3206	0.0061166063
3207	0.006239751
3208	0.006399244
3209	0.0066568097
3210	0.0075897304
3211	0.0075803623
3212	0.009027652
3213	0.008509651
3214	0.012174502
3215	0.008541588
3216	0.010608508
3217	0.008425742
3218	0.0071531283
3219	0.006906062
3220	0.006815181
3221	0.0074049504
3222	0.007568362
3223	0.008024292
3224	0.008075977
3225	0.0073824115
3226	0.007093924
3227	0.0068134917
3228	0.0068370253
3229	0.008385789
3230	0.006251756
3231	0.005857832
3232	0.0058791265
3233	0.0061161346
3234	0.0059629017
3235	0.00601783
3236	0.0060437666
3237	0.006203398
3238	0.006955822
3239	0.007145509
3240	0.0079858955
3241	0.009464314
3242	0.008594265
3243	0.007483259
3244	0.0071535297
3245	0.0064514745
3246	0.005897873
3247	0.005249453
3248	0.0058526024
3249	0.005384594
3250	0.005444033
3251	0.005653046
3252	0.0061319363
3253	0.0062511982
3254	0.006483052
3255	0.0063313567
3256	0.0062270267
3257	0.0063267006
3258	0.0064786514
3259	0.005678103
3260	0.0060833395
3261	0.0057472754
3262	0.0056769885
3263	0.005767815
3264	0.0060449736
3265	0.005651056
3266	0.0060051735
3267	0.0058562374
3268	0.006501828
3269	0.0059065963
3270	0.0058391653
3271	0.0059735263
3272	0.005951004
3273	0.005578993
3274	0.005728517
3275	0.005622222
3276	0.005589004
3277	0.0056219194
3278	0.005659918
3279	0.005595426
3280	0.005583467
3281	0.0055438965
3282	0.006020684
3283	0.006469211
3284	0.0067476714
3285	0.0059802243
3286	0.006109833
3287	0.006344945
3288	0.00618864
3289	0.0059070103
3290	0.005991853
3291	0.0063746898
3292	0.0060118465
3293	0.0072985007
3294	0.006598442
3295	0.00675938
3296	0.00866632
3297	0.006685888
3298	0.007414622
3299	0.0067981565
3300	0.0065075443
3301	0.008049917
3302	0.0065056914
3303	0.006158914
3304	0.005862806
3305	0.0058149775
3306	0.005714842
3307	0.0053158477
3308	0.005321214
3309	0.0052372054
3310	0.00506521
3311	0.0050770477
3312	0.0048699016
3313	0.0051745176
3314	0.0056761783
3315	0.005564816
3316	0.005372758
3317	0.005761177
3318	0.005542974
3319	0.0054820227
3320	0.005498804
3321	0.0055051674
3322	0.005493602
3323	0.0055952175
3324	0.0056843604
3325	0.005245111
3326	0.0053568096
3327	0.0052300147
3328	0.0050852178
3329	0.005160139
3330	0.005319589
3331	0.005121101
3332	0.005340213
3333	0.0058174217
3334	0.0058086137
3335	0.006399452
3336	0.006699742
3337	0.006900658
3338	0.0076008914
3339	0.00814892
3340	0.009661986
3341	0.0105124
3342	0.007862857
3343	0.007301675
3344	0.00665953
3345	0.0062759863
3346	0.0060172565
3347	0.0062616514
3348	0.006478839
3349	0.007036046
3350	0.0063285846
3351	0.006274771
3352	0.0066827806
3353	0.0078074182
3354	0.007922884
3355	0.008308016
3356	0.013242219
3357	0.009835668
3358	0.008969304
3359	0.0074242596
3360	0.006810594
3361	0.006736816
3362	0.0070271567
3363	0.0074632186
3364	0.008714998
3365	0.00864169
3366	0.008980671
3367	0.019273676
3368	0.0093709715
3369	0.00800181
3370	0.0076296898
3371	0.0063212467
3372	0.005955113
3373	0.005876932
3374	0.0055038044
3375	0.005565959
3376	0.0058291485
3377	0.0058807144
3378	0.0056364825
3379	0.005679755
3380	0.005930744
3381	0.0054770047
3382	0.0057602543
3383	0.00601006
3384	0.0059076026
3385	0.0063038627
3386	0.00677904
3387	0.0069011804
3388	0.0068783034
3389	0.008030461
3390	0.007813588
3391	0.0070199273
3392	0.006347958
3393	0.008218238
3394	0.0071006343
3395	0.0064256676
3396	0.007921087
3397	0.006479308
3398	0.006670756
3399	0.0061976835
3400	0.005791872
3401	0.006405014
3402	0.007558023
3403	0.006392195
3404	0.006358263
3405	0.0058633736
3406	0.0069305273
3407	0.0057719396
3408	0.0059342785
3409	0.0064759897
3410	0.00602644
3411	0.0055739684
3412	0.0051697167
3413	0.005370122
3414	0.005325699
3415	0.005855124
3416	0.0058284057
3417	0.006225847
3418	0.007043135
3419	0.007332664
3420	0.009491482
3421	0.009900525
3422	0.007840438
3423	0.0071348445
3424	0.0076832217
3425	0.0074639106
3426	0.006664372
3427	0.0064949803
3428	0.007400968
3429	0.0071445904
3430	0.0068700477
3431	0.007231024
3432	0.0069560125
3433	0.0060607456
3434	0.0062659103
3435	0.005897765
3436	0.005803487
3437	0.0056702727
3438	0.006095348
3439	0.00590765
3440	0.0056897923
3441	0.005371657
3442	0.0053393994
3443	0.0054947655
3444	0.0050063683
3445	0.005119399
3446	0.005453932
3447	0.0059489305
3448	0.005814501
3449	0.006099598
3450	0.006226984
3451	0.006228417
3452	0.008045386
3453	0.0058789765
3454	0.00658124
3455	0.006324773
3456	0.0068209833
3457	0.0071091596
3458	0.0068227407
3459	0.0066398284
3460	0.006646946
3461	0.007128304
3462	0.0064914934
3463	0.0064288583
3464	0.0062110294
3465	0.00644984
3466	0.0061575375
3467	0.0057411916
3468	0.0057693627
3469	0.005317254
3470	0.0055714804
3471	0.0056258333
3472	0.0055557946
3473	0.005772377
3474	0.0060682213
3475	0.006395461
3476	0.006128477
3477	0.0060164295
3478	0.0059370743
3479	0.006500315
3480	0.006394822
3481	0.0064450055
3482	0.0067415307
3483	0.007024319
3484	0.0065647573
3485	0.0070554167
3486	0.0057672346
3487	0.005759079
3488	0.0058727385
3489	0.0059859576
3490	0.0060038967
3491	0.006162429
3492	0.0057695643
3493	0.0060968706
3494	0.0058729677
3495	0.0057291407
3496	0.005928405
3497	0.006023974
3498	0.006067188
3499	0.0059291273
3500	0.0059792977
3501	0.0057061086
3502	0.0056896927
3503	0.0060226233
3504	0.0057774577
3505	0.006127684
3506	0.006083159
3507	0.0062208436
3508	0.0066575212
3509	0.006316768
3510	0.00667279
3511	0.006316238
3512	0.0061518773
3513	0.005813095
3514	0.0057373727
3515	0.006077943
3516	0.0059873383
3517	0.006534582
3518	0.008406891
3519	0.0063376026
3520	0.0071824035
3521	0.006702599
3522	0.0065542534
3523	0.0056092534
3524	0.005668875
3525	0.0055803163
3526	0.0061138887
3527	0.005936998
3528	0.0066367416
3529	0.006942044
3530	0.010317244
3531	0.00741122
3532	0.008255791
3533	0.008507388
3534	0.011454394
3535	0.011159285
3536	0.009664569
3537	0.0090479255
3538	0.01148314
3539	0.009366601
3540	0.00939028
3541	0.009779777
3542	0.009487789
3543	0.016880957
3544	0.008728823
3545	0.007875559
3546	0.0077444054
3547	0.006694181
3548	0.006133753
3549	0.0060533313
3550	0.006211111
3551	0.006356977
3552	0.0064501213
3553	0.0065548616
3554	0.0064563444
3555	0.0066128494
3556	0.007879937
3557	0.0069291657
3558	0.006591417
3559	0.008069303
3560	0.0061311345
3561	0.006752654
3562	0.006526998
3563	0.0080790585
3564	0.008750125
3565	0.008166573
3566	0.014412902
3567	0.0073284907
3568	0.0074868533
3569	0.0066992776
3570	0.0068952143
3571	0.006391201
3572	0.006235333
3573	0.0061523337
3574	0.0057335617
3575	0.005988313
3576	0.005748997
3577	0.006421568
3578	0.005579656
3579	0.005779288
3580	0.005768733
3581	0.0053045996
3582	0.0053115175
3583	0.005255365
3584	0.0050772447
3585	0.0050633037
3586	0.005435158
3587	0.00523048
3588	0.0054787816
3589	0.005599685
3590	0.0054971557
3591	0.0055601923
3592	0.0056958133
3593	0.006308892
3594	0.0061423187
3595	0.005813877
3596	0.0057321806
3597	0.0057678805
3598	0.0056409067
3599	0.0057125604
3600	0.005680065
3601	0.0055320654
3602	0.005963872
3603	0.0059412783
3604	0.0060393754
3605	0.0058520166
3606	0.0062217554
3607	0.006010631
3608	0.0061737327
3609	0.0057381145
3610	0.00593094
3611	0.0058867154
3612	0.0055572763
3613	0.0055944137
3614	0.005828256
3615	0.0055044047
3616	0.005972103
3617	0.0056372685
3618	0.0062256083
3619	0.00581715
3620	0.0060096066
3621	0.0062796236
3622	0.0061202706
3623	0.005882347
3624	0.005832312
3625	0.005725597
3626	0.005818121
3627	0.0057742996
3628	0.006096397
3629	0.005662553
3630	0.00563427
3631	0.0056901155
3632	0.0057165837
3633	0.005983599
3634	0.00565598
3635	0.005861278
3636	0.005743317
3637	0.0056491485
3638	0.005879472
3639	0.005616948
3640	0.005630753
3641	0.006036189
3642	0.005583707
3643	0.0058945
3644	0.0057361443
3645	0.0056894748
3646	0.0058324626
3647	0.0059810695
3648	0.0063531874
3649	0.0058528157
3650	0.0060513737
3651	0.0060649067
3652	0.00572606
3653	0.005826992
3654	0.006223578
3655	0.006024791
3656	0.0064601763
3657	0.0067236703
3658	0.006631785
3659	0.0070371293
3660	0.006620541
3661	0.0063474393
3662	0.0062655564
3663	0.005710679
3664	0.0062192585
3665	0.0061250534
3666	0.0057333056
3667	0.0060845194
3668	0.0058315652
3669	0.0062670894
3670	0.0063798586
3671	0.0066613466
3672	0.007869128
3673	0.0082341675
3674	0.00882999
3675	0.0072725546
3676	0.0068000173
3677	0.006294076
3678	0.0064036027
3679	0.005822507
3680	0.006327212
3681	0.0069736037
3682	0.0063280696
3683	0.0066225915
3684	0.0071416213
3685	0.006334154
3686	0.0062987385
3687	0.006135226
3688	0.0058408007
3689	0.005743199
3690	0.005916845
3691	0.0053271144
3692	0.0058303615
3693	0.005578897
3694	0.0059687244
3695	0.0058651967
3696	0.006159352
3697	0.0061240606
3698	0.0058584036
3699	0.006140559
3700	0.006086707
3701	0.0057304753
3702	0.005897271
3703	0.0055961222
3704	0.005937892
3705	0.005961734
3706	0.0060636494
3707	0.006071695
3708	0.006122998
3709	0.006069417
3710	0.0061621824
3711	0.005978925
3712	0.005599565
3713	0.0054346714
3714	0.005701663
3715	0.0057680793
3716	0.0055522947
3717	0.005987241
3718	0.005711243
3719	0.0056778924
3720	0.0056138653
3721	0.0058487644
3722	0.0059493496
3723	0.006387123
3724	0.00663063
3725	0.005852353
3726	0.0059509985
3727	0.00652173
3728	0.006073309
3729	0.006140936
3730	0.0063720653
3731	0.0061969133
3732	0.0058114883
3733	0.006246064
3734	0.0064632623
3735	0.0067718243
3736	0.006761729
3737	0.0061911596
3738	0.0061367545
3739	0.006057826
3740	0.0058412305
3741	0.005564426
3742	0.005546971
3743	0.0054277275
3744	0.005502565
3745	0.00553454
3746	0.0052174944
3747	0.005483358
3748	0.005600114
3749	0.0059239212
3750	0.0070345546
3751	0.0072563067
3752	0.007908456
3753	0.0076502142
3754	0.009327674
3755	0.0065677185
3756	0.0060323337
3757	0.00568307
3758	0.005861943
3759	0.006002578
3760	0.0059288307
3761	0.005767617
3762	0.0057556974
3763	0.006324769
3764	0.0065109828
3765	0.0072651873
3766	0.008902045
3767	0.007205559
3768	0.0067735747
3769	0.006504884
3770	0.006150378
3771	0.005996802
3772	0.0058752596
3773	0.00608857
3774	0.0059338342
3775	0.005883311
3776	0.006406812
3777	0.006240634
3778	0.006138132
3779	0.006345678
3780	0.0063240407
3781	0.0060919044
3782	0.0061335997
3783	0.00639357
3784	0.006435112
3785	0.0062443363
3786	0.0061938865
3787	0.0062839063
3788	0.0063692955
3789	0.0060805767
3790	0.00644028
3791	0.0061976826
3792	0.0063526267
3793	0.0064257467
3794	0.0063688383
3795	0.0065350747
3796	0.0064920033
3797	0.006084877
3798	0.0065559205
3799	0.006269213
3800	0.00663879
3801	0.0069073746
3802	0.0072838636
3803	0.0064419764
3804	0.0064064055
3805	0.0058859163
3806	0.006220191
3807	0.00668544
3808	0.0072311778
3809	0.007151097
3810	0.0069680274
3811	0.006541998
3812	0.0068679634
3813	0.007291307
3814	0.0075320182
3815	0.006937689
3816	0.006900897
3817	0.007306842
3818	0.009147961
3819	0.006931247
3820	0.0070871934
3821	0.006637117
3822	0.0074864
3823	0.009261884
3824	0.0069385134
3825	0.006975119
3826	0.0066630384
3827	0.006394814
3828	0.006395785
3829	0.00644773
3830	0.007240795
3831	0.0062996983
3832	0.006010635
3833	0.0059542544
3834	0.005450135
3835	0.0058469586
3836	0.005964767
3837	0.005888948
3838	0.005824047
3839	0.005901699
3840	0.005847117
3841	0.0062088445
3842	0.005999719
3843	0.005758009
3844	0.0063677225
3845	0.0062176352
3846	0.0061478987
3847	0.0062057488
3848	0.0056822235
3849	0.0059667546
3850	0.0061443453
3851	0.005684832
3852	0.0056642047
3853	0.0057268115
3854	0.006245385
3855	0.0058862735
3856	0.0061632227
3857	0.006336621
3858	0.006072363
3859	0.0059294095
3860	0.0052960417
3861	0.005342785
3862	0.005406063
3863	0.005124242
3864	0.0052272016
3865	0.0055025015
3866	0.0059788814
3867	0.005784124
3868	0.0057673617
3869	0.006130369
3870	0.005951059
3871	0.0060368287
3872	0.0059581804
3873	0.00598774
3874	0.0058338568
3875	0.0061607533
3876	0.005872906
3877	0.0058246483
3878	0.0065755975
3879	0.006113423
3880	0.005993967
3881	0.005923747
3882	0.0053203423
3883	0.005962992
3884	0.005850447
3885	0.006066992
3886	0.00591393
3887	0.006835252
3888	0.0061207954
3889	0.005861528
3890	0.006187425
3891	0.0065168072
3892	0.005718094
3893	0.005985738
3894	0.005720934
3895	0.0055815997
3896	0.0058212476
3897	0.0057393983
3898	0.005517231
3899	0.0055276854
3900	0.0056747333
3901	0.0054355757
3902	0.0057093017
3903	0.0056752516
3904	0.005955163
3905	0.005772723
3906	0.005794366
3907	0.0058081453
3908	0.0059311027
3909	0.005835014
3910	0.005476833
3911	0.0057731112
3912	0.005772669
3913	0.005596067
3914	0.006095755
3915	0.006232489
3916	0.0069317305
3917	0.0076980777
3918	0.0081121465
3919	0.008124778
3920	0.00839388
3921	0.0077361744
3922	0.0070507703
3923	0.007885553
3924	0.0070823105
3925	0.006588538
3926	0.0061765816
3927	0.006602763
3928	0.0061574923
3929	0.0058930684
3930	0.005198841
3931	0.004821317
3932	0.005435982
3933	0.005669781
3934	0.0058448007
3935	0.005912359
3936	0.0058092666
3937	0.005606992
3938	0.005391281
3939	0.005333436
3940	0.0056442805
3941	0.0056776064
3942	0.00554054
3943	0.005413036
3944	0.005638912
3945	0.0056079533
3946	0.005940932
3947	0.0059705265
3948	0.0057115257
3949	0.0058401767
3950	0.0060479157
3951	0.0059336154
3952	0.0058046533
3953	0.0058517954
3954	0.0057411175
3955	0.0060558207
3956	0.006046688
3957	0.006240663
3958	0.005926138
3959	0.0058978843
3960	0.0062489556
3961	0.006115789
3962	0.0056868237
3963	0.0056411526
3964	0.0054593123
3965	0.005750382
3966	0.0065276474
3967	0.00586852
3968	0.0059048347
3969	0.005755458
3970	0.0059924168
3971	0.0058867373
3972	0.005663746
3973	0.006002171
3974	0.0060679163
3975	0.0059901676
3976	0.006510233
3977	0.005852828
3978	0.0059063816
3979	0.0059825615
3980	0.005707455
3981	0.0059465235
3982	0.0057424484
3983	0.0057301465
3984	0.0057994314
3985	0.0055395514
3986	0.005569962
3987	0.0055556325
3988	0.0057411147
3989	0.005898433
3990	0.005667356
3991	0.0056474847
3992	0.0056233094
3993	0.0054169716
3994	0.0056570936
3995	0.0056728604
3996	0.005626971
3997	0.005592047
3998	0.0058326526
3999	0.006033018
4000	0.0058962004
4001	0.0059784083
4002	0.005620543
4003	0.005781996
4004	0.005819865
4005	0.0053499592
4006	0.0059299776
4007	0.006487437
4008	0.006262226
4009	0.0063115368
4010	0.005947206
4011	0.0064648017
4012	0.006020496
4013	0.0069557335
4014	0.0074414434
4015	0.0059269965
4016	0.0061766407
4017	0.0061557163
4018	0.0059526023
4019	0.0054492336
4020	0.005766064
4021	0.005552162
4022	0.005436217
4023	0.00591232
4024	0.005991932
4025	0.0067464043
4026	0.0074089263
4027	0.007567426
4028	0.009154802
4029	0.00711228
4030	0.006278226
4031	0.0063677514
4032	0.0061054872
4033	0.006456685
4034	0.0070243226
4035	0.007236136
4036	0.008394947
4037	0.007334332
4038	0.0068677953
4039	0.007307624
4040	0.00676582
4041	0.006624015
4042	0.00685748
4043	0.007095311
4044	0.00753205
4045	0.006819877
4046	0.007445571
4047	0.007092472
4048	0.0072573656
4049	0.007478603
4050	0.0075162407
4051	0.008331744
4052	0.007348351
4053	0.007081915
4054	0.00640009
4055	0.0061865626
4056	0.00575219
4057	0.005775911
4058	0.006148422
4059	0.0054710982
4060	0.0056391293
4061	0.006037169
4062	0.0059544104
4063	0.0066592786
4064	0.00749104
4065	0.007466276
4066	0.009154217
4067	0.0074642478
4068	0.009542695
4069	0.0072124787
4070	0.0073280195
4071	0.0073746145
4072	0.0073093995
4073	0.008212382
4074	0.01081657
4075	0.008063034
4076	0.0077662617
4077	0.007834859
4078	0.0072889756
4079	0.0068526
4080	0.006363688
4081	0.0062054787
4082	0.0057956683
4083	0.005666904
4084	0.005838616
4085	0.0058535375
4086	0.00578967
4087	0.0056465976
4088	0.00578711
4089	0.006074142
4090	0.0060318643
4091	0.00615564
4092	0.006139132
4093	0.006263285
4094	0.0061344057
4095	0.00630882
4096	0.0064374795
4097	0.0067293933
4098	0.0064267004
4099	0.006307596
4100	0.006155441
4101	0.006099011
4102	0.0062940503
4103	0.0064068628
4104	0.006491963
4105	0.0068215393
4106	0.0065236306
4107	0.0062311534
4108	0.0065695043
4109	0.006510026
4110	0.0063611926
4111	0.006405258
4112	0.0066111647
4113	0.006452415
4114	0.0058734594
4115	0.006106818
4116	0.006259012
4117	0.0061003407
4118	0.006083973
4119	0.0060394015
4120	0.006352838
4121	0.0061270283
4122	0.0064272326
4123	0.0058798958
4124	0.0057727327
4125	0.0060150577
4126	0.0060433904
4127	0.0061685536
4128	0.006927964
4129	0.006703065
4130	0.0068300227
4131	0.007331863
4132	0.0067867567
4133	0.006417382
4134	0.006956317
4135	0.0059487205
4136	0.0060136877
4137	0.006135898
4138	0.0059452164
4139	0.006099973
4140	0.005811657
4141	0.0062299673
4142	0.0058513116
4143	0.0064973207
4144	0.006100032
4145	0.0057776524
4146	0.006182499
4147	0.006788422
4148	0.0060604154
4149	0.0057826936
4150	0.005891013
4151	0.0058692954
4152	0.0058299135
4153	0.0056764353
4154	0.0056361984
4155	0.005850265
4156	0.0058854427
4157	0.0056978045
4158	0.005901076
4159	0.0057805
4160	0.0058520506
4161	0.0056801643
4162	0.006087171
4163	0.0056175296
4164	0.0055003446
4165	0.005894346
4166	0.0058394633
4167	0.0057618767
4168	0.006116843
4169	0.005792711
4170	0.006061737
4171	0.006378915
4172	0.006263324
4173	0.006157265
4174	0.0062097623
4175	0.006454231
4176	0.00609288
4177	0.0060069314
4178	0.0058127707
4179	0.005380402
4180	0.005551582
4181	0.0055226376
4182	0.0053286906
4183	0.0056634173
4184	0.0057902243
4185	0.005787909
4186	0.005717423
4187	0.0058322437
4188	0.0061740372
4189	0.0059864167
4190	0.0062647182
4191	0.0058104456
4192	0.00590181
4193	0.0056183864
4194	0.005529249
4195	0.0056307763
4196	0.005641418
4197	0.005668518
4198	0.0057505313
4199	0.0059928177
4200	0.0059678797
4201	0.0058978135
4202	0.0059391507
4203	0.0059782825
4204	0.005852021
4205	0.005903367
4206	0.0064282785
4207	0.006113968
4208	0.0057647973
4209	0.0058970805
4210	0.00580865
4211	0.0064309686
4212	0.006245418
4213	0.0066886973
4214	0.0066344244
4215	0.006561283
4216	0.006159582
4217	0.006288045
4218	0.0065936553
4219	0.0062732664
4220	0.006313799
4221	0.006244706
4222	0.006097637
4223	0.006568188
4224	0.0064234473
4225	0.00664141
4226	0.0063276244
4227	0.0061095245
4228	0.006753129
4229	0.0069242325
4230	0.0069256965
4231	0.010229031
4232	0.007378502
4233	0.010539275
4234	0.009084663
4235	0.005452528
