	0
0	0.004152461
1	0.007603376
2	0.00786674
3	0.011415016
4	0.008814288
5	0.008091994
6	0.0073792515
7	0.008838492
8	0.007383696
9	0.008010775
10	0.0063435365
11	0.0065788766
12	0.0058518862
13	0.0054859007
14	0.005583623
15	0.0052969554
16	0.0051182667
17	0.005537851
18	0.0052722306
19	0.0053085145
20	0.005107925
21	0.0052069826
22	0.0054643434
23	0.0053328765
24	0.0051947213
25	0.005421119
26	0.0060408153
27	0.0057735937
28	0.0062823324
29	0.00615554
30	0.006311082
31	0.0066821557
32	0.0071326653
33	0.006778925
34	0.006426318
35	0.0069273897
36	0.0062473956
37	0.006025442
38	0.006417199
39	0.0068359147
40	0.006582057
41	0.006425121
42	0.0062794015
43	0.005702138
44	0.0059796297
45	0.006433147
46	0.00625988
47	0.0063528186
48	0.006366049
49	0.006374124
50	0.0064783813
51	0.006267449
52	0.0059282053
53	0.00586373
54	0.006307102
55	0.005735616
56	0.0053618555
57	0.005273434
58	0.00571647
59	0.00590425
60	0.0069416305
61	0.0063926997
62	0.0063250707
63	0.0061380556
64	0.0059835818
65	0.0063721873
66	0.0060033957
67	0.006059819
68	0.0062868884
69	0.0061970386
70	0.006329112
71	0.0065039815
72	0.006102589
73	0.0069004307
74	0.006202883
75	0.006085746
76	0.006146921
77	0.0062587108
78	0.0064718015
79	0.0061804596
80	0.006363261
81	0.006295124
82	0.006305405
83	0.0066843033
84	0.0065302188
85	0.006265129
86	0.0061365888
87	0.0058276155
88	0.0059516523
89	0.0057110535
90	0.0059508784
91	0.00609452
92	0.0059873825
93	0.0058140773
94	0.0060252757
95	0.0059015783
96	0.006252535
97	0.006500019
98	0.0065483684
99	0.0064375894
100	0.0065964935
101	0.0072950013
102	0.0072464785
103	0.011435477
104	0.007204809
105	0.007246715
106	0.006869063
107	0.0069992533
108	0.0055934214
109	0.005132652
110	0.005364906
111	0.005071981
112	0.004948685
113	0.005260909
114	0.0048944755
115	0.0049064
116	0.0049031833
117	0.0050193695
118	0.005095507
119	0.005137463
120	0.005929545
121	0.005598399
122	0.0057993513
123	0.0067168865
124	0.0058428254
125	0.0061186226
126	0.00560086
127	0.005420503
128	0.005093123
129	0.0050574164
130	0.005551514
131	0.0049979766
132	0.005109136
133	0.005217272
134	0.00501112
135	0.0050956183
136	0.005073528
137	0.005290946
138	0.0051921196
139	0.005120892
140	0.0054641766
141	0.0054701613
142	0.0056876084
143	0.0070712036
144	0.0053860247
145	0.005039837
146	0.005693165
147	0.0053928588
148	0.0063741105
149	0.0073581384
150	0.006430555
151	0.006607524
152	0.010747402
153	0.0059821364
154	0.0058382414
155	0.005652021
156	0.005399963
157	0.0055502425
158	0.0051043206
159	0.0052803494
160	0.005192848
161	0.0049321405
162	0.00518326
163	0.0050629005
164	0.004928357
165	0.005260938
166	0.005366361
167	0.005537077
168	0.0056727105
169	0.005288213
170	0.0051388917
171	0.0050005284
172	0.005017272
173	0.0048655253
174	0.0050018067
175	0.0053019226
176	0.0051632216
177	0.005316023
178	0.0051467773
179	0.005080227
180	0.0050912416
181	0.004727071
182	0.004622691
183	0.0047878856
184	0.0046775993
185	0.0051491885
186	0.0050202273
187	0.0050684977
188	0.005347021
189	0.0053473124
190	0.0064561414
191	0.0060091345
192	0.007703739
193	0.011078302
194	0.0071968446
195	0.010059895
196	0.009186333
197	0.0065765856
198	0.006531027
199	0.0056584794
200	0.0052892044
201	0.0054234494
202	0.0057589533
203	0.006529649
204	0.007069554
205	0.0076168654
206	0.008515528
207	0.007827094
208	0.008445442
209	0.008676767
210	0.009702593
211	0.007930282
212	0.0076490818
213	0.007599551
214	0.008187061
215	0.007551959
216	0.0069173565
217	0.0074988906
218	0.0076006623
219	0.009896537
220	0.008759303
221	0.008892746
222	0.013352127
223	0.008451795
224	0.0073538097
225	0.0073102275
226	0.006687651
227	0.0067844633
228	0.0073504695
229	0.007314074
230	0.007073625
231	0.012459798
232	0.0072353
233	0.008151456
234	0.008006981
235	0.008161964
236	0.010223649
237	0.00816847
238	0.008084127
239	0.008071031
240	0.008222097
241	0.007706392
242	0.0078266505
243	0.0076627713
244	0.007349939
245	0.007485003
246	0.0072830166
247	0.00711295
248	0.007144547
249	0.007386393
250	0.007337877
251	0.0074476064
252	0.0082372185
253	0.007941303
254	0.008063164
255	0.007777474
256	0.0071293134
257	0.0069804424
258	0.006673893
259	0.006566108
260	0.006593534
261	0.0072024157
262	0.0075513804
263	0.0092095025
264	0.008730504
265	0.008652609
266	0.014041111
267	0.009480925
268	0.008035788
269	0.0077593164
270	0.0068107024
271	0.006844025
272	0.0061838487
273	0.005775817
274	0.006395149
275	0.0058937212
276	0.006448023
277	0.007066411
278	0.006932744
279	0.0071979593
280	0.012902549
281	0.0069614802
282	0.0068398407
283	0.006204166
284	0.005457238
285	0.0056752693
286	0.0056403987
287	0.005967048
288	0.006089282
289	0.0057200687
290	0.005798832
291	0.005656573
292	0.0057817595
293	0.005765087
294	0.0051975567
295	0.0051552593
296	0.005113003
297	0.0052426467
298	0.0056720255
299	0.00528151
300	0.005329506
301	0.0051660025
302	0.00534355
303	0.0054937596
304	0.0054212976
305	0.0054743607
306	0.005805358
307	0.0054678544
308	0.005322366
309	0.005772568
310	0.0058141206
311	0.0067979936
312	0.006320821
313	0.007426979
314	0.0063338866
315	0.00708996
316	0.0063638496
317	0.006476105
318	0.0058576902
319	0.006146133
320	0.006206884
321	0.006645132
322	0.0065913973
323	0.007106317
324	0.006488925
325	0.006644046
326	0.0058491174
327	0.006170303
328	0.0056380797
329	0.0051165125
330	0.0051811156
331	0.0047371853
332	0.0049622017
333	0.004856998
334	0.004925825
335	0.0051366207
336	0.0052146697
337	0.0053498596
338	0.00507141
339	0.005526898
340	0.0049561723
341	0.005334166
342	0.0055512614
343	0.005082025
344	0.0052110697
345	0.005155163
346	0.005550394
347	0.005983319
348	0.005903751
349	0.0063565923
350	0.0064624
351	0.009630827
352	0.0070086643
353	0.0057779476
354	0.005137207
355	0.0051159114
356	0.004963992
357	0.0052682776
358	0.005308624
359	0.0055422634
360	0.0059059802
361	0.00647463
362	0.0057478063
363	0.005754864
364	0.0056032157
365	0.006419777
366	0.0058198464
367	0.006103038
368	0.0063668825
369	0.005740172
370	0.0057801586
371	0.005335287
372	0.0052509736
373	0.0051268097
374	0.004976924
375	0.0052038115
376	0.0052252216
377	0.005702561
378	0.006579968
379	0.006228744
380	0.007443704
381	0.0071013095
382	0.006836403
383	0.006079054
384	0.007254588
385	0.0061123166
386	0.0066554453
387	0.008727185
388	0.006021306
389	0.006162786
390	0.006129916
391	0.0056594983
392	0.0061066435
393	0.0072949473
394	0.0058267578
395	0.0071465224
396	0.00651789
397	0.0069316044
398	0.0074783657
399	0.007112737
400	0.0064117545
401	0.005886131
402	0.0054906774
403	0.0053644017
404	0.0053515015
405	0.0050547374
406	0.0048399186
407	0.00501702
408	0.0053341007
409	0.0050874967
410	0.005537848
411	0.0056881765
412	0.005446751
413	0.005549742
414	0.0057584094
415	0.0055973353
416	0.006028911
417	0.0075437687
418	0.006757468
419	0.007412605
420	0.0065890024
421	0.008178474
422	0.007041567
423	0.0070188334
424	0.007085962
425	0.006807321
426	0.01039697
427	0.0060524927
428	0.0057437574
429	0.006541853
430	0.0058262004
431	0.005914917
432	0.0094743995
433	0.00578548
434	0.0065261615
435	0.005807315
436	0.005606495
437	0.005981115
438	0.0056724534
439	0.005451991
440	0.006231116
441	0.006089967
442	0.0063816532
443	0.0077696024
444	0.007355605
445	0.014366271
446	0.008480469
447	0.007434686
448	0.0071062064
449	0.0062433477
450	0.005619934
451	0.005564653
452	0.0052893218
453	0.0058129095
454	0.006624735
455	0.00552997
456	0.0074994247
457	0.005892193
458	0.005392781
459	0.0057097715
460	0.0056258114
461	0.0054269005
462	0.0049207034
463	0.0049168887
464	0.0048722904
465	0.0051837135
466	0.005275601
467	0.0052966615
468	0.0059957015
469	0.0052820556
470	0.0054322407
471	0.00517428
472	0.004785459
473	0.0048316293
474	0.004777345
475	0.004945788
476	0.004591072
477	0.0049544657
478	0.004717296
479	0.0048254654
480	0.004906782
481	0.004682786
482	0.00463289
483	0.005139261
484	0.005106817
485	0.0055973213
486	0.005627809
487	0.0064696074
488	0.0060377824
489	0.0056738034
490	0.005361527
491	0.005816683
492	0.005549203
493	0.0055812965
494	0.005275633
495	0.005267459
496	0.0058637243
497	0.004783671
498	0.0049698832
499	0.0049996627
500	0.0049277935
501	0.005155281
502	0.00515314
503	0.0053913835
504	0.005247699
505	0.005211372
506	0.0059960247
507	0.0065192915
508	0.0059303134
509	0.0071220803
510	0.005541669
511	0.0054420913
512	0.005147774
513	0.0053447923
514	0.0051914304
515	0.005137019
516	0.004955029
517	0.0051566763
518	0.0051671015
519	0.0052305805
520	0.0052724704
521	0.005896042
522	0.005634835
523	0.0055616065
524	0.005433321
525	0.0054570055
526	0.0053254035
527	0.005281917
528	0.0052017327
529	0.005494372
530	0.0054536927
531	0.005809283
532	0.005443933
533	0.006104974
534	0.005806243
535	0.005646551
536	0.005669711
537	0.00541896
538	0.005513652
539	0.006475822
540	0.005442289
541	0.005076115
542	0.005613472
543	0.005783942
544	0.005414225
545	0.005796126
546	0.0054538418
547	0.0058119544
548	0.00621421
549	0.0061045196
550	0.0065976335
551	0.0067417454
552	0.0061400337
553	0.0060763936
554	0.007412305
555	0.0066824937
556	0.0074162404
557	0.0066551073
558	0.006336433
559	0.006106854
560	0.005456496
561	0.0053878576
562	0.005451821
563	0.0058019357
564	0.0058773477
565	0.0058758585
566	0.0059028473
567	0.006104729
568	0.006063248
569	0.005677863
570	0.005811328
571	0.006061022
572	0.0058019813
573	0.006433237
574	0.007025246
575	0.0076445043
576	0.007140906
577	0.0066978233
578	0.006194623
579	0.006010699
580	0.005795003
581	0.0067284224
582	0.0067898193
583	0.005904125
584	0.008066367
585	0.006182708
586	0.0064379913
587	0.0072514005
588	0.0064881723
589	0.00699345
590	0.007393522
591	0.00708314
592	0.0065637305
593	0.0057631684
594	0.006079254
595	0.005093999
596	0.0053681466
597	0.005165296
598	0.005452729
599	0.0051711593
600	0.0052253907
601	0.0051292083
602	0.0047518318
603	0.0051816627
604	0.0047502443
605	0.0048403093
606	0.0059967423
607	0.004960221
608	0.0074142474
609	0.005696589
610	0.0057512047
611	0.0075710113
612	0.007801558
613	0.006591673
614	0.0065968847
615	0.006915304
616	0.006098157
617	0.005827366
618	0.0055458266
619	0.0053049037
620	0.005087646
621	0.005096864
622	0.004940997
623	0.0049363016
624	0.004677835
625	0.004760653
626	0.0048646973
627	0.0050776023
628	0.0055692666
629	0.0061960425
630	0.007603229
631	0.0080108605
632	0.008349407
633	0.016798176
634	0.007947104
635	0.008490134
636	0.006782577
637	0.005427844
638	0.0050362404
639	0.004765674
640	0.0045524295
641	0.004367455
642	0.0042532934
643	0.004363548
644	0.0042584944
645	0.0047320547
646	0.0047234623
647	0.0045605972
648	0.0047043627
649	0.0047755353
650	0.0045289802
651	0.004780651
652	0.004567175
653	0.0044914205
654	0.0046326322
655	0.004829357
656	0.0047696726
657	0.004776031
658	0.004777096
659	0.0049796775
660	0.0047721155
661	0.0051051416
662	0.0048368447
663	0.0049265325
664	0.0050800187
665	0.0047383746
666	0.0047934754
667	0.0045944164
668	0.0047451374
669	0.0048588607
670	0.004895458
671	0.004663551
672	0.0043862793
673	0.004654793
674	0.00456779
675	0.004392334
676	0.0045087934
677	0.0046723736
678	0.0046549262
679	0.0045939786
680	0.004728685
681	0.0046057818
682	0.0046705324
683	0.004739524
684	0.0046633575
685	0.0045019058
686	0.0047185626
687	0.004736511
688	0.00474356
689	0.0047256174
690	0.004704926
691	0.005118168
692	0.0048303516
693	0.004843165
694	0.004948556
695	0.004568318
696	0.0050027436
697	0.00463173
698	0.004620169
699	0.0046354877
700	0.004683855
701	0.0047261068
702	0.00486314
703	0.0049561923
704	0.0048780893
705	0.0053206254
706	0.005323276
707	0.0059543448
708	0.0064850086
709	0.0067647016
710	0.006962694
711	0.0067867544
712	0.006130594
713	0.0061544953
714	0.005805917
715	0.005569917
716	0.0051512197
717	0.0048045674
718	0.0049668234
719	0.0048003653
720	0.005040855
721	0.0058385413
722	0.006018328
723	0.0064138947
724	0.0067924764
725	0.00828241
726	0.006879201
727	0.005904021
728	0.0057292217
729	0.004980005
730	0.004772029
731	0.005114455
732	0.0050957957
733	0.005494872
734	0.005493954
735	0.0055404147
736	0.0053085377
737	0.0055815177
738	0.005354496
739	0.0055810586
740	0.0057968227
741	0.0059030126
742	0.006076293
743	0.0059773615
744	0.00654479
745	0.006842804
746	0.006819711
747	0.0071413694
748	0.007398202
749	0.0062531317
750	0.0063122325
751	0.005897657
752	0.0056716315
753	0.006466746
754	0.0054723495
755	0.005688284
756	0.0052807825
757	0.005114098
758	0.0055643497
759	0.005905771
760	0.007777726
761	0.0060284543
762	0.005552683
763	0.0055216737
764	0.0050992854
765	0.0052925376
766	0.005085524
767	0.0052577043
768	0.004822254
769	0.0047838455
770	0.0048706923
771	0.004487773
772	0.004646877
773	0.0046454156
774	0.004686704
775	0.004871223
776	0.00509088
777	0.0051914575
778	0.005083315
779	0.005459373
780	0.005482165
781	0.005432417
782	0.005864135
783	0.005470806
784	0.0058028344
785	0.0056942976
786	0.0056027686
787	0.0055770576
788	0.0053478256
789	0.005348188
790	0.005423676
791	0.0050410246
792	0.005499514
793	0.0057931794
794	0.00534526
795	0.0057136286
796	0.005851211
797	0.0057935435
798	0.006011277
799	0.005488405
800	0.0054127267
801	0.005275491
802	0.005907354
803	0.005343999
804	0.005979887
805	0.005396122
806	0.005467433
807	0.0051184194
808	0.0051546115
809	0.0051132822
810	0.0052356496
811	0.005440985
812	0.005437157
813	0.0060370285
814	0.0076620607
815	0.006946588
816	0.0076148314
817	0.009878809
818	0.009633897
819	0.0073601226
820	0.0065844757
821	0.0065854695
822	0.0059890016
823	0.0059848065
824	0.00548698
825	0.0070978366
826	0.006159879
827	0.0052851876
828	0.005329733
829	0.0054706475
830	0.005172821
831	0.005269872
832	0.00546503
833	0.0054141483
834	0.0056858184
835	0.00562266
836	0.0053992933
837	0.0051383832
838	0.005339846
839	0.0053226687
840	0.0050872453
841	0.00653476
842	0.005469336
843	0.005286156
844	0.0063582556
845	0.006494035
846	0.0071117193
847	0.0064709308
848	0.007006625
849	0.0062498506
850	0.00646359
851	0.0054864674
852	0.00541061
853	0.005239481
854	0.0048774183
855	0.0055044405
856	0.0058540786
857	0.0064759105
858	0.006942844
859	0.00762238
860	0.007870393
861	0.007675887
862	0.00844831
863	0.007858195
864	0.0068469318
865	0.006727897
866	0.006346698
867	0.0066470755
868	0.005936964
869	0.0056301337
870	0.0055358745
871	0.0049194684
872	0.0050108423
873	0.004897519
874	0.0048351223
875	0.005043623
876	0.005465596
877	0.005622864
878	0.0058244
879	0.006284128
880	0.0067300377
881	0.005951539
882	0.0058630435
883	0.0066443514
884	0.0064739604
885	0.0074665574
886	0.0074655293
887	0.0074914424
888	0.0073836567
889	0.00730238
890	0.006537781
891	0.0058290483
892	0.0056707775
893	0.0053280154
894	0.005002513
895	0.005210244
896	0.005046524
897	0.0053569553
898	0.005061483
899	0.0049518044
900	0.005097083
901	0.0051422566
902	0.004956178
903	0.0053827297
904	0.0051234365
905	0.005052623
906	0.004965948
907	0.004880486
908	0.00475382
909	0.0046719536
910	0.00477368
911	0.0046272594
912	0.0048932275
913	0.004791769
914	0.0049662376
915	0.004871794
916	0.004823412
917	0.005191679
918	0.0049568447
919	0.005023483
920	0.0052007185
921	0.005264398
922	0.0051801275
923	0.0056832964
924	0.0064784074
925	0.006571282
926	0.0064217844
927	0.0072057853
928	0.006107731
929	0.005862885
930	0.00574261
931	0.00572573
932	0.005646937
933	0.00593422
934	0.00538234
935	0.0052395277
936	0.005142427
937	0.0055776685
938	0.0059212595
939	0.00580371
940	0.005701686
941	0.0059588565
942	0.0057181097
943	0.005905548
944	0.0057225074
945	0.0055734264
946	0.0054843156
947	0.005231143
948	0.005319952
949	0.0055077504
950	0.0051963977
951	0.0054232674
952	0.0053059445
953	0.0057058167
954	0.0053403946
955	0.005794336
956	0.0057006557
957	0.0060805352
958	0.0053316755
959	0.005471768
960	0.005085068
961	0.004971507
962	0.004991065
963	0.005405442
964	0.0056207683
965	0.005888601
966	0.0068445643
967	0.0071796644
968	0.0077837473
969	0.006851176
970	0.005659302
971	0.0052886633
972	0.005301783
973	0.005016123
974	0.0051063993
975	0.005111996
976	0.0048236838
977	0.005076006
978	0.0046144826
979	0.004387876
980	0.004678378
981	0.004773181
982	0.00476892
983	0.005061454
984	0.004947096
985	0.005146619
986	0.004747737
987	0.0048200544
988	0.0047699083
989	0.004808817
990	0.004917293
991	0.0049810214
992	0.0054898653
993	0.005174032
994	0.004924735
995	0.0049857046
996	0.0048194807
997	0.0050377357
998	0.00503307
999	0.0049715075
1000	0.0055189934
1001	0.006171655
1002	0.0058799097
1003	0.0064482656
1004	0.005421879
1005	0.00549828
1006	0.0052545243
1007	0.005060206
1008	0.005120989
1009	0.005352312
1010	0.0068637887
1011	0.0055672806
1012	0.0057200477
1013	0.005758192
1014	0.005664804
1015	0.005432399
1016	0.0056918245
1017	0.005797453
1018	0.006427143
1019	0.0060892566
1020	0.006579872
1021	0.006171462
1022	0.0068400055
1023	0.0065902276
1024	0.0070800893
1025	0.007040278
1026	0.007159928
1027	0.0071332566
1028	0.007249374
1029	0.0076558455
1030	0.008214518
1031	0.008721444
1032	0.0100513715
1033	0.007882247
1034	0.014645285
1035	0.007703467
1036	0.007310738
1037	0.0066037183
1038	0.0061194263
1039	0.0063466616
1040	0.0065191765
1041	0.007365731
1042	0.0077020596
1043	0.0071791727
1044	0.006346667
1045	0.0056089116
1046	0.005949024
1047	0.005714277
1048	0.006112093
1049	0.006459733
1050	0.0066164928
1051	0.0067582624
1052	0.007450304
1053	0.00685181
1054	0.005871296
1055	0.0054366393
1056	0.00545343
1057	0.0058520297
1058	0.0053637577
1059	0.008253112
1060	0.0059752576
1061	0.0062126135
1062	0.005891284
1063	0.0051500797
1064	0.0054903505
1065	0.0056130383
1066	0.0059041195
1067	0.005749421
1068	0.0064003365
1069	0.008641029
1070	0.0060138116
1071	0.008265071
1072	0.0057233735
1073	0.0053144377
1074	0.005123686
1075	0.004632987
1076	0.0047614477
1077	0.0046858885
1078	0.0047156303
1079	0.004875345
1080	0.0049806237
1081	0.0050057564
1082	0.00495538
1083	0.0049821115
1084	0.0049934285
1085	0.004859682
1086	0.004858155
1087	0.0050838264
1088	0.0048876246
1089	0.0054585002
1090	0.005239457
1091	0.0047659427
1092	0.0047969995
1093	0.004913386
1094	0.004735794
1095	0.0047132485
1096	0.0044113174
1097	0.0047135986
1098	0.0045474796
1099	0.0042525483
1100	0.0044062044
1101	0.0045730313
1102	0.004837316
1103	0.0045593027
1104	0.004739211
1105	0.004640394
1106	0.004567473
1107	0.0045320545
1108	0.004491999
1109	0.0045067975
1110	0.0044878423
1111	0.004768162
1112	0.0044252584
1113	0.00451878
1114	0.0045703403
1115	0.0046263197
1116	0.004789591
1117	0.0049791373
1118	0.004875676
1119	0.0050206115
1120	0.004745962
1121	0.004818182
1122	0.005022124
1123	0.004872863
1124	0.0052848584
1125	0.0050693178
1126	0.0049536396
1127	0.0047235107
1128	0.0046776617
1129	0.004709116
1130	0.0047017206
1131	0.004674826
1132	0.0046802396
1133	0.0046646697
1134	0.0045968574
1135	0.0045949332
1136	0.0048325434
1137	0.004886264
1138	0.0048160953
1139	0.0048975246
1140	0.005007796
1141	0.005002995
1142	0.0048310366
1143	0.005124497
1144	0.004988708
1145	0.00473579
1146	0.004747572
1147	0.0047766455
1148	0.004854463
1149	0.004635198
1150	0.0047419416
1151	0.00473453
1152	0.0046272366
1153	0.0047245845
1154	0.004777045
1155	0.0046433746
1156	0.004944087
1157	0.004948342
1158	0.004719286
1159	0.004578192
1160	0.00451455
1161	0.0043782247
1162	0.004491508
1163	0.004356218
1164	0.0047948183
1165	0.004693388
1166	0.0045757205
1167	0.004539806
1168	0.0046233106
1169	0.0046982286
1170	0.0043698833
1171	0.004458254
1172	0.0048398077
1173	0.0044637052
1174	0.004641842
1175	0.004907323
1176	0.004777136
1177	0.004768694
1178	0.004795368
1179	0.0047671334
1180	0.0048288405
1181	0.0047119902
1182	0.004704357
1183	0.004794352
1184	0.005066241
1185	0.0047831726
1186	0.004873317
1187	0.005029262
1188	0.005050946
1189	0.005518594
1190	0.0058879405
1191	0.0057438174
1192	0.009848895
1193	0.0060852226
1194	0.0057782233
1195	0.005425947
1196	0.004931203
1197	0.0050528413
1198	0.0049619693
1199	0.00535316
1200	0.0055187023
1201	0.0056638136
1202	0.0055847485
1203	0.0057378365
1204	0.0077018775
1205	0.0060407505
1206	0.0055934116
1207	0.0053788656
1208	0.004846561
1209	0.004693765
1210	0.00461287
1211	0.004289969
1212	0.0043592444
1213	0.004500107
1214	0.004583614
1215	0.004779553
1216	0.005068181
1217	0.0049503664
1218	0.0051761894
1219	0.0044218353
1220	0.0049390914
1221	0.0048307623
1222	0.004654674
1223	0.004587058
1224	0.004807081
1225	0.004732199
1226	0.0046730074
1227	0.0047515063
1228	0.0047704205
1229	0.004555664
1230	0.004692333
1231	0.004659498
1232	0.0046873093
1233	0.004731063
1234	0.005214422
1235	0.0052664997
1236	0.0055872947
1237	0.005950615
1238	0.006900749
1239	0.0063281236
1240	0.006446991
1241	0.006439249
1242	0.0059258686
1243	0.0059145475
1244	0.005759243
1245	0.0056659067
1246	0.00544407
1247	0.005323125
1248	0.0051070484
1249	0.0055788597
1250	0.005148306
1251	0.0049742553
1252	0.0049993256
1253	0.0050651846
1254	0.004929643
1255	0.0045403694
1256	0.00480852
1257	0.0048630666
1258	0.0052759293
1259	0.0049266
1260	0.0051725274
1261	0.0052254805
1262	0.0056682117
1263	0.0053481422
1264	0.005521141
1265	0.0057693445
1266	0.0063894894
1267	0.0055699507
1268	0.0062072068
1269	0.007022314
1270	0.006015861
1271	0.0070648845
1272	0.0066269697
1273	0.0062833065
1274	0.007765448
1275	0.0058319014
1276	0.0056580394
1277	0.0052922186
1278	0.005607219
1279	0.005563492
1280	0.005421774
1281	0.0058998093
1282	0.0053263763
1283	0.005348106
1284	0.006184534
1285	0.0051162345
1286	0.005301279
1287	0.0050367503
1288	0.004668116
1289	0.0047728578
1290	0.004739398
1291	0.0048689516
1292	0.005101093
1293	0.004955285
1294	0.0055141393
1295	0.0053181583
1296	0.00562843
1297	0.005651748
1298	0.005537213
1299	0.0051521314
1300	0.00524656
1301	0.005009219
1302	0.0050949855
1303	0.0049053994
1304	0.005497651
1305	0.0052362983
1306	0.005798075
1307	0.0050372314
1308	0.0050491625
1309	0.005500701
1310	0.0054928754
1311	0.0057728076
1312	0.005958196
1313	0.006174764
1314	0.0064761573
1315	0.005959085
1316	0.0058083995
1317	0.005739075
1318	0.005358992
1319	0.0054455805
1320	0.0055929087
1321	0.0053311363
1322	0.0053716293
1323	0.0050714985
1324	0.0052926205
1325	0.005267531
1326	0.0049789743
1327	0.005096031
1328	0.004924663
1329	0.004860738
1330	0.004953179
1331	0.0049016667
1332	0.004816263
1333	0.004853545
1334	0.004862162
1335	0.004882375
1336	0.004901994
1337	0.0054766424
1338	0.005142343
1339	0.0052496805
1340	0.005366442
1341	0.0056819245
1342	0.006055949
1343	0.006106958
1344	0.008870682
1345	0.0060708164
1346	0.006544453
1347	0.007320135
1348	0.009765567
1349	0.007640854
1350	0.009503638
1351	0.009422027
1352	0.0068092123
1353	0.006373531
1354	0.0058652777
1355	0.005475195
1356	0.005829827
1357	0.0060473457
1358	0.0065855416
1359	0.008421483
1360	0.007782286
1361	0.0076492745
1362	0.0065190853
1363	0.006974552
1364	0.0060504093
1365	0.0058918656
1366	0.0056222007
1367	0.005576974
1368	0.005260926
1369	0.005061529
1370	0.0049728095
1371	0.0051241587
1372	0.005020326
1373	0.005421782
1374	0.0051745684
1375	0.0053455066
1376	0.004906767
1377	0.0051582507
1378	0.0051859813
1379	0.004991953
1380	0.005169584
1381	0.0052975044
1382	0.005598807
1383	0.0062762024
1384	0.0059644124
1385	0.00590967
1386	0.006486524
1387	0.006622895
1388	0.006754799
1389	0.006637183
1390	0.006191943
1391	0.005795641
1392	0.0060676327
1393	0.005396687
1394	0.0054210727
1395	0.005407285
1396	0.0052593113
1397	0.005467307
1398	0.0055386564
1399	0.005498836
1400	0.0054875333
1401	0.0055311685
1402	0.0062138108
1403	0.0058698514
1404	0.0058281445
1405	0.006080336
1406	0.0053399303
1407	0.0056310818
1408	0.0059779687
1409	0.0061002504
1410	0.005922027
1411	0.008186121
1412	0.0056761233
1413	0.008308506
1414	0.0054937075
1415	0.0047582677
1416	0.005743383
1417	0.00513239
1418	0.0054248935
1419	0.005581674
1420	0.0059408545
1421	0.0053849146
1422	0.005593883
1423	0.005204181
1424	0.0059155463
1425	0.0052754628
1426	0.005327463
1427	0.005232414
1428	0.0060189567
1429	0.0056655686
1430	0.0061661294
1431	0.0052306084
1432	0.004896308
1433	0.004867683
1434	0.0048585674
1435	0.0049800826
1436	0.0049633235
1437	0.0050111325
1438	0.00541417
1439	0.00569478
1440	0.005883212
1441	0.0071197357
1442	0.0068612434
1443	0.007547351
1444	0.0075770286
1445	0.009907814
1446	0.005967319
1447	0.005740853
1448	0.0056440597
1449	0.005384635
1450	0.00557936
1451	0.005361367
1452	0.0054755816
1453	0.005280628
1454	0.005242409
1455	0.005072958
1456	0.005197012
1457	0.005121536
1458	0.0048261303
1459	0.0050559198
1460	0.0052964916
1461	0.0049324166
1462	0.005199746
1463	0.005246135
1464	0.0053567756
1465	0.005614624
1466	0.0056165354
1467	0.006001601
1468	0.0067715864
1469	0.0058693183
1470	0.0061384514
1471	0.0058764005
1472	0.0069508543
1473	0.0058935313
1474	0.00537221
1475	0.005824527
1476	0.004557671
1477	0.004861242
1478	0.004595041
1479	0.004881609
1480	0.005043805
1481	0.0056380806
1482	0.0056522824
1483	0.0061611477
1484	0.006986575
1485	0.008667253
1486	0.0066626174
1487	0.007804734
1488	0.006220479
1489	0.005736206
1490	0.0052951006
1491	0.005225363
1492	0.0049731815
1493	0.0050063585
1494	0.0044278037
1495	0.004938363
1496	0.0047332533
1497	0.0048335446
1498	0.004991772
1499	0.00506151
1500	0.005064928
1501	0.0051310463
1502	0.0051809214
1503	0.005366109
1504	0.005216278
1505	0.0051067085
1506	0.0051598
1507	0.005066896
1508	0.005298389
1509	0.005419731
1510	0.00492651
1511	0.004911621
1512	0.005203855
1513	0.004704712
1514	0.0046697585
1515	0.0048266845
1516	0.0050871703
1517	0.0050996775
1518	0.005111253
1519	0.0053371955
1520	0.005556928
1521	0.005582555
1522	0.0051842513
1523	0.005590368
1524	0.005231643
1525	0.0055875303
1526	0.0061911475
1527	0.006086259
1528	0.005611574
1529	0.0059293183
1530	0.005820511
1531	0.0054572993
1532	0.0052509215
1533	0.005602252
1534	0.0054474324
1535	0.005175138
1536	0.005126163
1537	0.0052053407
1538	0.0047722
1539	0.004847357
1540	0.004919369
1541	0.0051027485
1542	0.0047187437
1543	0.004844591
1544	0.005078126
1545	0.0051729036
1546	0.0054052277
1547	0.0056546377
1548	0.0057516107
1549	0.00678664
1550	0.0060203886
1551	0.0057402086
1552	0.0056769294
1553	0.005329944
1554	0.0048539597
1555	0.005194731
1556	0.004993595
1557	0.005130917
1558	0.005288991
1559	0.0052985293
1560	0.0050028795
1561	0.004641675
1562	0.0049835453
1563	0.0047541438
1564	0.00538576
1565	0.005154662
1566	0.004969814
1567	0.0050915293
1568	0.0049177525
1569	0.0050147707
1570	0.0048899343
1571	0.0051315306
1572	0.0051236595
1573	0.004988096
1574	0.0061525144
1575	0.0048800204
1576	0.0048765503
1577	0.004685061
1578	0.0048842533
1579	0.0047905203
1580	0.004559813
1581	0.00511291
1582	0.0047781663
1583	0.0057265265
1584	0.0051271906
1585	0.0049533243
1586	0.0053743413
1587	0.0051139547
1588	0.004888598
1589	0.004876583
1590	0.0048719957
1591	0.0048143775
1592	0.0046882434
1593	0.004619644
1594	0.0047556795
1595	0.004852063
1596	0.004805483
1597	0.004996932
1598	0.005097096
1599	0.0049789613
1600	0.005222249
1601	0.00514998
1602	0.004890681
1603	0.0049864
1604	0.0053346027
1605	0.0053112227
1606	0.0049960827
1607	0.0051773293
1608	0.004847056
1609	0.0052815573
1610	0.0053654807
1611	0.005094219
1612	0.005536163
1613	0.005239011
1614	0.0052039
1615	0.0050802557
1616	0.004995904
1617	0.0049554324
1618	0.005041668
1619	0.005134144
1620	0.004749715
1621	0.004692114
1622	0.004793797
1623	0.0048386753
1624	0.0050418773
1625	0.005068142
1626	0.0049011027
1627	0.0049088113
1628	0.004832867
1629	0.0051923785
1630	0.0048588756
1631	0.0049556345
1632	0.0048278896
1633	0.004733078
1634	0.0046962975
1635	0.004496588
1636	0.0047291117
1637	0.0048946543
1638	0.0049239257
1639	0.005064614
1640	0.004864326
1641	0.0047776364
1642	0.004939444
1643	0.004772939
1644	0.0048139268
1645	0.0044304896
1646	0.004742301
1647	0.0049083577
1648	0.004982954
1649	0.004983488
1650	0.0050846664
1651	0.005199644
1652	0.005165948
1653	0.0052437074
1654	0.004729161
1655	0.0049061924
1656	0.0049078856
1657	0.004762966
1658	0.0049679987
1659	0.0050557256
1660	0.004901679
1661	0.005018997
1662	0.0049300333
1663	0.0049096537
1664	0.0046837116
1665	0.0046542194
1666	0.0047102775
1667	0.004823322
1668	0.0054661147
1669	0.0052273814
1670	0.0055636675
1671	0.005893492
1672	0.0053926664
1673	0.0051473966
1674	0.005482843
1675	0.005084812
1676	0.0047979155
1677	0.004813318
1678	0.0048420373
1679	0.0045305705
1680	0.004809105
1681	0.0047891205
1682	0.004664679
1683	0.004676167
1684	0.004630436
1685	0.0043119444
1686	0.004518764
1687	0.004808235
1688	0.004808539
1689	0.0053022928
1690	0.005233058
1691	0.0052750604
1692	0.0051127737
1693	0.0053184577
1694	0.005412855
1695	0.005031324
1696	0.0047806073
1697	0.005200961
1698	0.0049085794
1699	0.0050630886
1700	0.0050966674
1701	0.004956984
1702	0.005112201
1703	0.004710938
1704	0.0047207344
1705	0.004519916
1706	0.004758527
1707	0.0050267577
1708	0.005722477
1709	0.0054174294
1710	0.005773285
1711	0.0050242855
1712	0.0051186513
1713	0.0050748913
1714	0.0050049955
1715	0.0047548204
1716	0.0055116494
1717	0.004808705
1718	0.0046739355
1719	0.0048728427
1720	0.0045969584
1721	0.0050233514
1722	0.0056529734
1723	0.005018867
1724	0.00529235
1725	0.00535373
1726	0.0051251254
1727	0.0050816797
1728	0.0052506896
1729	0.004821952
1730	0.0047723893
1731	0.0046761846
1732	0.005093008
1733	0.004892964
1734	0.005000217
1735	0.0048456574
1736	0.0048226337
1737	0.00479123
1738	0.004805997
1739	0.0046582464
1740	0.0048600947
1741	0.005092073
1742	0.0050197635
1743	0.0052108206
1744	0.005514132
1745	0.005512854
1746	0.005502477
1747	0.005367564
1748	0.0052812323
1749	0.0057543535
1750	0.0057497257
1751	0.0066325245
1752	0.0066673756
1753	0.006279864
1754	0.0074247806
1755	0.0074170204
1756	0.007939942
1757	0.0070548635
1758	0.006374007
1759	0.0061555514
1760	0.0060814954
1761	0.005805512
1762	0.005752301
1763	0.0060503604
1764	0.0058398964
1765	0.0060102744
1766	0.005625842
1767	0.0055300393
1768	0.0054310956
1769	0.0052896165
1770	0.0054679783
1771	0.005224525
1772	0.005581688
1773	0.005434749
1774	0.005475711
1775	0.0057010055
1776	0.0055829203
1777	0.005403841
1778	0.005934307
1779	0.005761712
1780	0.005580577
1781	0.0056552757
1782	0.005473069
1783	0.0070859245
1784	0.006387364
1785	0.006789931
1786	0.007211662
1787	0.0071897586
1788	0.0068753352
1789	0.0059392024
1790	0.005947707
1791	0.0058071865
1792	0.005562172
1793	0.0053614406
1794	0.005418441
1795	0.005587347
1796	0.005322825
1797	0.00553493
1798	0.0051271976
1799	0.0047414377
1800	0.004893574
1801	0.0053302906
1802	0.0046825656
1803	0.004981013
1804	0.005053567
1805	0.0054398095
1806	0.0050048353
1807	0.004890263
1808	0.0045052995
1809	0.0049471697
1810	0.004284174
1811	0.0045974175
1812	0.004531487
1813	0.0051043406
1814	0.0047901003
1815	0.0047647515
1816	0.005284495
1817	0.0051053385
1818	0.0051648095
1819	0.005333756
1820	0.0054006306
1821	0.0050410395
1822	0.0050131246
1823	0.004929756
1824	0.004697045
1825	0.004660123
1826	0.0048045996
1827	0.0048429626
1828	0.0048182495
1829	0.0045808963
1830	0.0049631987
1831	0.0048936144
1832	0.004900202
1833	0.004637138
1834	0.0048438944
1835	0.0048550065
1836	0.0047784187
1837	0.0047187014
1838	0.0047672438
1839	0.0048477743
1840	0.004829203
1841	0.004840195
1842	0.004875237
1843	0.0050622467
1844	0.0050285915
1845	0.0048260977
1846	0.004707415
1847	0.00500221
1848	0.0051081
1849	0.0051689874
1850	0.005052545
1851	0.0050559817
1852	0.0051973243
1853	0.0050928816
1854	0.005059473
1855	0.0051152147
1856	0.0048890836
1857	0.005187531
1858	0.0047378046
1859	0.004798089
1860	0.0052899313
1861	0.0050560064
1862	0.005017709
1863	0.005187776
1864	0.0052839373
1865	0.005609729
1866	0.006111853
1867	0.0060163457
1868	0.0054823197
1869	0.0056997007
1870	0.0055782665
1871	0.004889041
1872	0.0053614685
1873	0.005581971
1874	0.0055648386
1875	0.0058642263
1876	0.0065078354
1877	0.005965851
1878	0.005895659
1879	0.004962217
1880	0.0048232786
1881	0.0045233816
1882	0.0045430646
1883	0.004641178
1884	0.004622438
1885	0.0048620566
1886	0.0047872365
1887	0.0047333003
1888	0.0049638324
1889	0.0049537746
1890	0.0054727155
1891	0.005396438
1892	0.0052663367
1893	0.0054283445
1894	0.005235339
1895	0.0056628743
1896	0.0053743855
1897	0.0055509927
1898	0.0052134255
1899	0.0054411944
1900	0.006272156
1901	0.0055880537
1902	0.005622262
1903	0.0057433015
1904	0.0058089606
1905	0.00540632
1906	0.005518917
1907	0.0056646727
1908	0.0056749517
1909	0.0071682436
1910	0.005772887
1911	0.006504757
1912	0.0077052256
1913	0.0061402144
1914	0.0060992176
1915	0.0060589416
1916	0.0053026085
1917	0.0054123756
1918	0.0049816705
1919	0.005118264
1920	0.005206365
1921	0.0051069474
1922	0.0051663877
1923	0.005251328
1924	0.0052846707
1925	0.0052827178
1926	0.0049084993
1927	0.0052811443
1928	0.00483671
1929	0.005034051
1930	0.0053410893
1931	0.004960272
1932	0.0055129244
1933	0.0055425493
1934	0.0059300624
1935	0.0053353235
1936	0.005353768
1937	0.005455223
1938	0.0053605745
1939	0.00515685
1940	0.00519133
1941	0.0053840373
1942	0.00498772
1943	0.0050978204
1944	0.0055204453
1945	0.005435492
1946	0.005194022
1947	0.0059531964
1948	0.0053375163
1949	0.0054468676
1950	0.0052070944
1951	0.0050469507
1952	0.004791387
1953	0.0046734866
1954	0.0049340427
1955	0.0047407867
1956	0.0049508065
1957	0.004995945
1958	0.0050684204
1959	0.005069469
1960	0.005129624
1961	0.004944875
1962	0.005054277
1963	0.0050903223
1964	0.0050148075
1965	0.005186514
1966	0.0052861925
1967	0.0059489915
1968	0.005788846
1969	0.008119038
1970	0.005972444
1971	0.005694177
1972	0.0054739635
1973	0.0050890245
1974	0.0050080204
1975	0.005005933
1976	0.0047143567
1977	0.004765585
1978	0.00488522
1979	0.004444302
1980	0.0045723133
1981	0.0047715106
1982	0.0045337235
1983	0.0048499955
1984	0.0049406933
1985	0.005144177
1986	0.00483937
1987	0.005363606
1988	0.00494828
1989	0.005003087
1990	0.005306669
1991	0.005323513
1992	0.0052776732
1993	0.005429933
1994	0.005645397
1995	0.005674163
1996	0.005812591
1997	0.0056403344
1998	0.0059745815
1999	0.0059103193
2000	0.0063011665
2001	0.0061519784
2002	0.0071077296
2003	0.0067979884
2004	0.0067679705
2005	0.0068319836
2006	0.007152642
2007	0.006859083
2008	0.006743091
2009	0.0068109967
2010	0.006784627
2011	0.0068864003
2012	0.0072350763
2013	0.0065095564
2014	0.006130962
2015	0.0061730603
2016	0.0059719747
2017	0.0063303267
2018	0.0064362483
2019	0.0058379965
2020	0.006650276
2021	0.005785843
2022	0.0055820085
2023	0.005445467
2024	0.0057381084
2025	0.005997965
2026	0.005100593
2027	0.0052560633
2028	0.0051594693
2029	0.0044966023
2030	0.004475209
2031	0.0045477254
2032	0.0046212077
2033	0.0047466718
2034	0.0049932515
2035	0.0050551724
2036	0.005180253
2037	0.0054922733
2038	0.0053709443
2039	0.00526674
2040	0.005542201
2041	0.0054035415
2042	0.005930637
2043	0.0060833646
2044	0.0059308363
2045	0.0058616092
2046	0.0067171045
2047	0.006514294
2048	0.0067036194
2049	0.0063912803
2050	0.0059709614
2051	0.0056957044
2052	0.006262603
2053	0.0055805603
2054	0.005832647
2055	0.005913703
2056	0.0060217585
2057	0.0055521578
2058	0.0054596816
2059	0.0055680545
2060	0.0052549103
2061	0.0055302093
2062	0.0051426655
2063	0.005506645
2064	0.0056028743
2065	0.00578718
2066	0.006162888
2067	0.0065370267
2068	0.0070925523
2069	0.007400857
2070	0.007620021
2071	0.007126973
2072	0.0068381056
2073	0.0071682995
2074	0.0072052535
2075	0.0069415206
2076	0.006822509
2077	0.007315979
2078	0.006742896
2079	0.0063973553
2080	0.006438107
2081	0.006139172
2082	0.0065652924
2083	0.0072790794
2084	0.006877495
2085	0.0067416057
2086	0.007031316
2087	0.006856167
2088	0.0075001856
2089	0.006592114
2090	0.006475229
2091	0.005828351
2092	0.005722416
2093	0.0056490777
2094	0.005559745
2095	0.005835424
2096	0.006269171
2097	0.0062912437
2098	0.006452283
2099	0.00796081
2100	0.0064628352
2101	0.006586716
2102	0.0064425953
2103	0.006482328
2104	0.007900235
2105	0.0074023893
2106	0.006767188
2107	0.0064379876
2108	0.0063076746
2109	0.006287053
2110	0.0062432745
2111	0.005946112
2112	0.0061316513
2113	0.005914281
2114	0.0059776893
2115	0.0064084847
2116	0.0061773676
2117	0.006258006
2118	0.006282961
2119	0.006790826
2120	0.0069930693
2121	0.006622179
2122	0.009460447
2123	0.0070202295
2124	0.0060931705
2125	0.005844148
2126	0.0051380876
2127	0.0050356314
2128	0.0045977677
2129	0.0047560437
2130	0.0046599703
2131	0.0046949284
2132	0.0049674646
2133	0.005096009
2134	0.005247765
2135	0.005314765
2136	0.0055049215
2137	0.005125552
2138	0.005298092
2139	0.0054070405
2140	0.005277901
2141	0.005492111
2142	0.005798499
2143	0.005725481
2144	0.007601937
2145	0.005707333
2146	0.006061214
2147	0.0056115603
2148	0.005253665
2149	0.005469844
2150	0.004991314
2151	0.0051860316
2152	0.0052216533
2153	0.0050262148
2154	0.0052363593
2155	0.005391574
2156	0.0055745924
2157	0.0057225125
2158	0.005793824
2159	0.007899977
2160	0.0057223225
2161	0.006724918
2162	0.0062042205
2163	0.005817134
2164	0.006786396
2165	0.0051975874
2166	0.005173874
2167	0.0049503944
2168	0.0049488954
2169	0.0045815073
2170	0.004852116
2171	0.0047570523
2172	0.0046952358
2173	0.0045201974
2174	0.0048644757
2175	0.0047225403
2176	0.0047939788
2177	0.0049804677
2178	0.0047737276
2179	0.004741106
2180	0.0051754965
2181	0.0050773504
2182	0.0050242674
2183	0.005055196
2184	0.0052442523
2185	0.00496504
2186	0.005365718
2187	0.0050642444
2188	0.005260435
2189	0.0051438147
2190	0.0051590493
2191	0.005437132
2192	0.004795489
2193	0.0054217177
2194	0.0051132217
2195	0.004895573
2196	0.004949687
2197	0.005310393
2198	0.005083543
2199	0.005920599
2200	0.0063606473
2201	0.006739583
2202	0.010725126
2203	0.009729544
2204	0.006539814
2205	0.00610757
2206	0.0058190515
2207	0.0057178074
2208	0.005065644
2209	0.0049836775
2210	0.004885258
2211	0.004634056
2212	0.004513439
2213	0.004449047
2214	0.004443865
2215	0.004614077
2216	0.0049325973
2217	0.005172422
2218	0.005655293
2219	0.0092124455
2220	0.006106346
2221	0.0057796966
2222	0.0055772755
2223	0.0051178904
2224	0.004853617
2225	0.004799094
2226	0.0045591076
2227	0.0045053107
2228	0.0047725136
2229	0.004574276
2230	0.004895567
2231	0.0050069904
2232	0.004648884
2233	0.0047286046
2234	0.0048343325
2235	0.0048799794
2236	0.0048642256
2237	0.005139121
2238	0.0051653916
2239	0.0051433654
2240	0.005558325
2241	0.005407054
2242	0.0057838294
2243	0.0062831948
2244	0.0057428726
2245	0.0056189075
2246	0.0057200897
2247	0.005453754
2248	0.0050650407
2249	0.005305926
2250	0.004877741
2251	0.004995883
2252	0.0052767936
2253	0.005067941
2254	0.004874461
2255	0.005565895
2256	0.0055265096
2257	0.0057566855
2258	0.0066016363
2259	0.007288155
2260	0.0074967397
2261	0.011698147
2262	0.0074731526
2263	0.007985992
2264	0.007910352
2265	0.0058704866
2266	0.0060172807
2267	0.005113342
2268	0.0050248695
2269	0.0055265008
2270	0.0055511743
2271	0.008595304
2272	0.0055335937
2273	0.0059616957
2274	0.005811288
2275	0.0056176195
2276	0.0053576306
2277	0.00488925
2278	0.0050762272
2279	0.0047412477
2280	0.004813282
2281	0.005274805
2282	0.00563315
2283	0.0051453505
2284	0.00614346
2285	0.0050326325
2286	0.0050049415
2287	0.0046567284
2288	0.0046552094
2289	0.0047106417
2290	0.004328435
2291	0.004507707
2292	0.0044460096
2293	0.004658307
2294	0.0048563443
2295	0.00491148
2296	0.0047510657
2297	0.00505393
2298	0.0048212204
2299	0.0047233133
2300	0.005103828
2301	0.004896667
2302	0.0047438275
2303	0.0049045314
2304	0.0047702445
2305	0.0051663565
2306	0.0051831286
2307	0.0052793957
2308	0.004881621
2309	0.005286863
2310	0.005568799
2311	0.0053824596
2312	0.005980981
2313	0.0054041045
2314	0.0055358224
2315	0.005412818
2316	0.005379093
2317	0.0051147453
2318	0.00587178
2319	0.0054360004
2320	0.005404585
2321	0.0051248493
2322	0.0050129555
2323	0.005006994
2324	0.0054454003
2325	0.0059359386
2326	0.0065512527
2327	0.00871663
2328	0.0070732757
2329	0.0067269336
2330	0.0065410053
2331	0.0063737216
2332	0.006161983
2333	0.0067465734
2334	0.0059800334
2335	0.0055692643
2336	0.0063877665
2337	0.005508084
2338	0.006407084
2339	0.0059341295
2340	0.0057598716
2341	0.0054472545
2342	0.005383442
2343	0.0054664062
2344	0.005598789
2345	0.005829066
2346	0.0064268224
2347	0.0062227603
2348	0.0062189735
2349	0.0062930575
2350	0.005886266
2351	0.0051099183
2352	0.004923282
2353	0.004574572
2354	0.0044699754
2355	0.00494545
2356	0.0048174607
2357	0.005218705
2358	0.00530795
2359	0.005679756
2360	0.0057381126
2361	0.006106387
2362	0.006604516
2363	0.009620868
2364	0.007116153
2365	0.007881617
2366	0.008231245
2367	0.015394039
2368	0.010116458
2369	0.0101647265
2370	0.0092876125
2371	0.008108447
2372	0.0072183907
2373	0.006780459
2374	0.006066502
2375	0.0056607896
2376	0.005785779
2377	0.005797793
2378	0.006765375
2379	0.005820295
2380	0.005699606
2381	0.0070767533
2382	0.0053452384
2383	0.0052854144
2384	0.0051708883
2385	0.0052084476
2386	0.0052785007
2387	0.0056670024
2388	0.0051904153
2389	0.005379482
2390	0.0052637914
2391	0.004980737
2392	0.005491058
2393	0.005044964
2394	0.0047251093
2395	0.0046240552
2396	0.004186471
2397	0.0042992197
2398	0.004391689
2399	0.004807385
2400	0.0046002306
2401	0.004763269
2402	0.004956874
2403	0.0053326604
2404	0.0049308813
2405	0.004932695
2406	0.0058408063
2407	0.005765019
2408	0.005316257
2409	0.005096093
2410	0.005475617
2411	0.004969527
2412	0.0049711782
2413	0.0049933176
2414	0.004752902
2415	0.004764572
2416	0.0050233193
2417	0.0046550557
2418	0.0049797697
2419	0.004708749
2420	0.004982592
2421	0.0052041765
2422	0.00506792
2423	0.0048018596
2424	0.005000829
2425	0.0045750644
2426	0.004669979
2427	0.0048534116
2428	0.0049198503
2429	0.004873697
2430	0.0048559536
2431	0.0047834725
2432	0.005028185
2433	0.0048839133
2434	0.0047857156
2435	0.004777125
2436	0.004895037
2437	0.004693128
2438	0.0047734985
2439	0.0049839183
2440	0.004851698
2441	0.004842166
2442	0.005299505
2443	0.0048329197
2444	0.0049689086
2445	0.0049378686
2446	0.0050543104
2447	0.004938136
2448	0.0047956295
2449	0.0048862714
2450	0.0047821947
2451	0.004973004
2452	0.0045912066
2453	0.004920756
2454	0.004942105
2455	0.0048559317
2456	0.0049796244
2457	0.0048547033
2458	0.0049999026
2459	0.0048621832
2460	0.0050142454
2461	0.0048244083
2462	0.0047098193
2463	0.0047543487
2464	0.005142777
2465	0.0048601506
2466	0.004868989
2467	0.005103371
2468	0.0048520565
2469	0.004880553
2470	0.0051830737
2471	0.0049435813
2472	0.0047634095
2473	0.004621731
2474	0.0048814886
2475	0.0044247042
2476	0.0043162275
2477	0.0046963133
2478	0.0045112204
2479	0.004600778
2480	0.004834309
2481	0.0048426576
2482	0.0046362295
2483	0.004873844
2484	0.004789627
2485	0.0047932537
2486	0.0046343775
2487	0.004736894
2488	0.00474842
2489	0.0047750995
2490	0.004787395
2491	0.004888025
2492	0.0049049775
2493	0.005152228
2494	0.0051753474
2495	0.005008599
2496	0.0049146684
2497	0.004943719
2498	0.004893299
2499	0.0047481805
2500	0.0045996914
2501	0.0049996274
2502	0.0048286067
2503	0.0053985463
2504	0.005355136
2505	0.005616431
2506	0.0055253943
2507	0.0058248104
2508	0.005492124
2509	0.005507505
2510	0.0055795927
2511	0.005134552
2512	0.0052334866
2513	0.0052790726
2514	0.005121113
2515	0.0053832056
2516	0.0051510343
2517	0.005442559
2518	0.0049457466
2519	0.0052430844
2520	0.0050626164
2521	0.004412883
2522	0.0044535063
2523	0.0039816434
2524	0.0041907206
2525	0.0045102146
2526	0.004624619
2527	0.005705402
2528	0.005853261
2529	0.0056842156
2530	0.0072059985
2531	0.00555072
2532	0.0056340126
2533	0.0071953423
2534	0.0055663725
2535	0.005640211
2536	0.006213789
2537	0.005395038
2538	0.0051619504
2539	0.00526507
2540	0.005193225
2541	0.006539171
2542	0.0054417886
2543	0.005156936
2544	0.005238481
2545	0.0050488357
2546	0.004828335
2547	0.004833893
2548	0.0050535793
2549	0.006602939
2550	0.0051482357
2551	0.005820564
2552	0.0065290714
2553	0.0061522345
2554	0.008514162
2555	0.0070844805
2556	0.008550436
2557	0.007956532
2558	0.0075879837
2559	0.0071901805
2560	0.0060645593
2561	0.006029604
2562	0.006179996
2563	0.005752408
2564	0.0056369468
2565	0.0060769124
2566	0.005604975
2567	0.005488656
2568	0.0061000567
2569	0.0059390636
2570	0.006069851
2571	0.0070208004
2572	0.0059920107
2573	0.0060676476
2574	0.006336909
2575	0.0061461055
2576	0.0062807705
2577	0.008753792
2578	0.0069440724
2579	0.0062821102
2580	0.0063076075
2581	0.006279242
2582	0.0076279594
2583	0.0061932383
2584	0.0059208022
2585	0.0058055595
2586	0.00635242
2587	0.0074076615
2588	0.0071119056
2589	0.0056931153
2590	0.0052632666
2591	0.005169575
2592	0.0051234476
2593	0.005230535
2594	0.005256337
2595	0.0055127568
2596	0.0057639983
2597	0.007332052
2598	0.006720706
2599	0.0060232608
2600	0.0064981137
2601	0.005622416
2602	0.0056964112
2603	0.006091073
2604	0.0052732257
2605	0.0051649082
2606	0.0048658196
2607	0.005079761
2608	0.004899379
2609	0.0048991055
2610	0.005050681
2611	0.0049598254
2612	0.005117066
2613	0.0056167096
2614	0.0056773876
2615	0.0063761515
2616	0.0074129812
2617	0.008919772
2618	0.006898362
2619	0.007526094
2620	0.006255829
2621	0.006264196
2622	0.005784453
2623	0.0061997306
2624	0.005650751
2625	0.005758976
2626	0.006263801
2627	0.005565468
2628	0.0061296127
2629	0.0056822295
2630	0.005299053
2631	0.005374633
2632	0.0053228047
2633	0.0052298717
2634	0.005125663
2635	0.005130926
2636	0.0050955573
2637	0.005046326
2638	0.0052259993
2639	0.005312324
2640	0.0052739847
2641	0.0063240416
2642	0.005571725
2643	0.0055332584
2644	0.005280167
2645	0.004963197
2646	0.005103294
2647	0.005168483
2648	0.004881882
2649	0.0051741917
2650	0.005307624
2651	0.0050343573
2652	0.0057151914
2653	0.005433889
2654	0.0055801626
2655	0.006149099
2656	0.0054064756
2657	0.0057508964
2658	0.0053087226
2659	0.005291627
2660	0.0053252745
2661	0.005617456
2662	0.005772205
2663	0.006272575
2664	0.006462419
2665	0.0064909356
2666	0.0057524918
2667	0.0050792648
2668	0.0049218675
2669	0.0044057025
2670	0.004374695
2671	0.0043179793
2672	0.0041259057
2673	0.004647222
2674	0.00459033
2675	0.0046439343
2676	0.004525277
2677	0.0047288276
2678	0.004696347
2679	0.0052271327
2680	0.0055002933
2681	0.0059989933
2682	0.006193106
2683	0.006096389
2684	0.005821037
2685	0.00542902
2686	0.005386214
2687	0.0077617327
2688	0.005215477
2689	0.0050205756
2690	0.0048684143
2691	0.004796202
2692	0.0047716126
2693	0.0050698053
2694	0.00522104
2695	0.0055158185
2696	0.0054749823
2697	0.0056458917
2698	0.005955565
2699	0.006076799
2700	0.006146841
2701	0.0059580533
2702	0.005881523
2703	0.0057441643
2704	0.0051876614
2705	0.005420796
2706	0.0052786563
2707	0.005318575
2708	0.0052188486
2709	0.0052094855
2710	0.0056956257
2711	0.006095169
2712	0.0058563277
2713	0.0076121655
2714	0.0057763373
2715	0.0057268487
2716	0.006075041
2717	0.005871404
2718	0.006292782
2719	0.005334193
2720	0.0051427786
2721	0.004795601
2722	0.0049385233
2723	0.004907517
2724	0.0049256114
2725	0.005133186
2726	0.0051136874
2727	0.005140679
2728	0.0050696414
2729	0.0054080808
2730	0.0054328474
2731	0.00541223
2732	0.0056678345
2733	0.0055726953
2734	0.005287058
2735	0.005282553
2736	0.0050752577
2737	0.0054228324
2738	0.0055197617
2739	0.005514171
2740	0.005129639
2741	0.0050835386
2742	0.005114301
2743	0.0047857934
2744	0.0054669008
2745	0.0055438946
2746	0.005544373
2747	0.0055749156
2748	0.005767024
2749	0.00550358
2750	0.005439302
2751	0.0051507764
2752	0.005368066
2753	0.0051854625
2754	0.005079832
2755	0.0052476153
2756	0.0047967616
2757	0.00499985
2758	0.004648884
2759	0.005152516
2760	0.0047213202
2761	0.0046156636
2762	0.0051960517
2763	0.0055044116
2764	0.00554293
2765	0.0053008427
2766	0.005491782
2767	0.0051945876
2768	0.005317824
2769	0.005347199
2770	0.0065894825
2771	0.005895149
2772	0.0069387956
2773	0.005966631
2774	0.005724809
2775	0.005256434
2776	0.0055513512
2777	0.0049909996
2778	0.004981465
2779	0.0052339053
2780	0.005170107
2781	0.0052174274
2782	0.0053367177
2783	0.0053465674
2784	0.0052009877
2785	0.0058779875
2786	0.0050858823
2787	0.005334441
2788	0.005528113
2789	0.005159175
2790	0.005354341
2791	0.0052550463
2792	0.0052139647
2793	0.005372371
2794	0.005182067
2795	0.0051233387
2796	0.005079302
2797	0.0051885936
2798	0.005585059
2799	0.0054288567
2800	0.005433994
2801	0.005622166
2802	0.005871365
2803	0.0056566168
2804	0.0053679403
2805	0.005709541
2806	0.0058475174
2807	0.0055522006
2808	0.005780608
2809	0.00581873
2810	0.005270108
2811	0.0054178443
2812	0.0053316597
2813	0.0056135077
2814	0.0056549916
2815	0.0055121193
2816	0.0055563003
2817	0.0057348227
2818	0.0054958817
2819	0.005448902
2820	0.0053313663
2821	0.0052899607
2822	0.0050741243
2823	0.004993722
2824	0.004921975
2825	0.005051999
2826	0.0048823766
2827	0.0050929813
2828	0.0048586885
2829	0.004568368
2830	0.0047844173
2831	0.0048964275
2832	0.0049605053
2833	0.004963567
2834	0.00487324
2835	0.004781065
2836	0.004869161
2837	0.004846098
2838	0.00465341
2839	0.004858472
2840	0.004862572
2841	0.0047769286
2842	0.0050687073
2843	0.005068412
2844	0.0050117564
2845	0.005090352
2846	0.005505314
2847	0.0056836763
2848	0.0059634233
2849	0.005803773
2850	0.006203086
2851	0.0058146277
2852	0.005596734
2853	0.00512557
2854	0.005143044
2855	0.0049213637
2856	0.0055056987
2857	0.005567857
2858	0.005569758
2859	0.0067935744
2860	0.0070602624
2861	0.0064559025
2862	0.006524279
2863	0.0063198344
2864	0.0057966234
2865	0.00608509
2866	0.0058632754
2867	0.006424563
2868	0.0065084733
2869	0.0064411163
2870	0.0058034267
2871	0.0058906614
2872	0.0058130017
2873	0.0054928777
2874	0.0053876396
2875	0.005250142
2876	0.005217781
2877	0.0049439827
2878	0.005081013
2879	0.0051965555
2880	0.0049145846
2881	0.005343967
2882	0.0054288125
2883	0.0054157185
2884	0.0049212626
2885	0.0050614076
2886	0.005546359
2887	0.005234136
2888	0.0051936363
2889	0.0051488215
2890	0.005050501
2891	0.004995888
2892	0.0049763676
2893	0.0048273597
2894	0.0047896933
2895	0.004818124
2896	0.0048408057
2897	0.0046976376
2898	0.005026974
2899	0.0050948886
2900	0.0051161284
2901	0.005019766
2902	0.005371798
2903	0.0051855766
2904	0.005653451
2905	0.005041212
2906	0.0049946457
2907	0.004956074
2908	0.0048102303
2909	0.0050712656
2910	0.004878098
2911	0.0054058153
2912	0.005099828
2913	0.0051177815
2914	0.005148852
2915	0.0050459187
2916	0.0050633773
2917	0.0052991873
2918	0.0051188422
2919	0.0050798682
2920	0.0052148253
2921	0.0053143594
2922	0.0053849886
2923	0.0068460843
2924	0.005370197
2925	0.0052844537
2926	0.005041411
2927	0.0048164823
2928	0.0047756843
2929	0.0046835383
2930	0.004997588
2931	0.0050055054
2932	0.0049500326
2933	0.0061604846
2934	0.005177333
2935	0.005777106
2936	0.005898189
2937	0.005550846
2938	0.007762816
2939	0.006255082
2940	0.005463
2941	0.005322678
2942	0.005094894
2943	0.0054167984
2944	0.0055385977
2945	0.0060431994
2946	0.007457981
2947	0.0063517913
2948	0.007615806
2949	0.007792875
2950	0.006502783
2951	0.0065800115
2952	0.0064289356
2953	0.006033714
2954	0.0081732245
2955	0.0060306573
2956	0.0060644625
2957	0.0062944638
2958	0.007038272
2959	0.0064952625
2960	0.0075542293
2961	0.00703769
2962	0.006859444
2963	0.0067298273
2964	0.006507991
2965	0.0067157256
2966	0.0067955717
2967	0.0066141477
2968	0.0068858084
2969	0.0062288838
2970	0.0067637702
2971	0.0067174803
2972	0.0071581877
2973	0.008574687
2974	0.007967384
2975	0.009164815
2976	0.008239189
2977	0.007589536
2978	0.0069246767
2979	0.0067246854
2980	0.0066554584
2981	0.006669728
2982	0.007720734
2983	0.007906387
2984	0.008532455
2985	0.006667015
2986	0.0061853873
2987	0.0063236402
2988	0.0056981365
2989	0.0056484453
2990	0.006333259
2991	0.005811362
2992	0.0064417436
2993	0.0071423166
2994	0.008442012
2995	0.007031456
2996	0.009221563
2997	0.00697284
2998	0.00608602
2999	0.0060761087
3000	0.006051368
3001	0.0062937792
3002	0.0059294854
3003	0.006516109
3004	0.00543176
3005	0.005315339
3006	0.0052562095
3007	0.0052096257
3008	0.0054633934
3009	0.0054587293
3010	0.0062501947
3011	0.0055670273
3012	0.005810146
3013	0.0059169903
3014	0.00628686
3015	0.0065400833
3016	0.0061047054
3017	0.0063920263
3018	0.006695799
3019	0.0070287543
3020	0.006177731
3021	0.006056114
3022	0.0054843556
3023	0.0053100353
3024	0.005251402
3025	0.0052629886
3026	0.0058223098
3027	0.0057503763
3028	0.009410665
3029	0.006023526
3030	0.0064934995
3031	0.0067908484
3032	0.006171544
3033	0.0055226586
3034	0.005729986
3035	0.005458859
3036	0.005433931
3037	0.0055330074
3038	0.005479535
3039	0.0056287535
3040	0.005856567
3041	0.0056846663
3042	0.0061489255
3043	0.005240742
3044	0.0054431893
3045	0.005601495
3046	0.0053586937
3047	0.005857122
3048	0.0059868013
3049	0.0058572995
3050	0.006179805
3051	0.008470275
3052	0.0057445774
3053	0.0054534315
3054	0.005686923
3055	0.005311978
3056	0.0059153326
3057	0.005405278
3058	0.0052425144
3059	0.005447784
3060	0.0056901886
3061	0.006184058
3062	0.0050874054
3063	0.005650688
3064	0.0054813167
3065	0.0051478986
3066	0.0056146053
3067	0.005433279
3068	0.005320765
3069	0.005632682
3070	0.0059857764
3071	0.006184062
3072	0.0060596084
3073	0.0061430293
3074	0.005460513
3075	0.0058331056
3076	0.005462465
3077	0.0051198844
3078	0.005214049
3079	0.0049741333
3080	0.0053120255
3081	0.0052232696
3082	0.005494047
3083	0.0054695047
3084	0.0053808596
3085	0.0057618776
3086	0.005916576
3087	0.0066024465
3088	0.005772461
3089	0.0062360275
3090	0.0057832277
3091	0.0076758373
3092	0.0053774836
3093	0.0053203655
3094	0.0049976986
3095	0.0049211467
3096	0.0045157755
3097	0.004628823
3098	0.004866015
3099	0.004977558
3100	0.0051454464
3101	0.0053485604
3102	0.005484709
3103	0.0053214226
3104	0.00551503
3105	0.0055199424
3106	0.005604839
3107	0.005433566
3108	0.0055125467
3109	0.0054274686
3110	0.00532462
3111	0.005657442
3112	0.0058132512
3113	0.005614586
3114	0.005575575
3115	0.005487355
3116	0.006701974
3117	0.0054519502
3118	0.0055815694
3119	0.0054773334
3120	0.005548259
3121	0.0057153944
3122	0.005458737
3123	0.0059325197
3124	0.005246329
3125	0.005463768
3126	0.005013773
3127	0.0058161477
3128	0.005576954
3129	0.005765718
3130	0.0059279725
3131	0.0057197176
3132	0.0058886777
3133	0.0062193917
3134	0.005429572
3135	0.0049685743
3136	0.0061393958
3137	0.005265451
3138	0.0051321187
3139	0.005144831
3140	0.0048631406
3141	0.0050390726
3142	0.004874345
3143	0.004875721
3144	0.0053830263
3145	0.005672925
3146	0.0061142948
3147	0.0069317454
3148	0.007641904
3149	0.009262131
3150	0.01100019
3151	0.008499699
3152	0.01692827
3153	0.007886285
3154	0.007527658
3155	0.006626323
3156	0.0056784614
3157	0.0054412344
3158	0.006055115
3159	0.0052366913
3160	0.0054332223
3161	0.005429988
3162	0.0055879103
3163	0.0057130745
3164	0.0059203263
3165	0.005446746
3166	0.0060810335
3167	0.005880941
3168	0.0056964126
3169	0.005758138
3170	0.005741252
3171	0.006328191
3172	0.0063730795
3173	0.0065296907
3174	0.0064447927
3175	0.0067575704
3176	0.0076001356
3177	0.007499691
3178	0.012163218
3179	0.007967518
3180	0.008302724
3181	0.008819377
3182	0.009133295
3183	0.009519858
3184	0.015590644
3185	0.010572796
3186	0.008579668
3187	0.0076286336
3188	0.0068083485
3189	0.006242413
3190	0.0060871667
3191	0.0065446114
3192	0.0071527124
3193	0.0074141882
3194	0.007920614
3195	0.00815584
3196	0.00659497
3197	0.006078475
3198	0.005727108
3199	0.0053451685
3200	0.005503637
3201	0.005739357
3202	0.0058779093
3203	0.0057504093
3204	0.006201907
3205	0.0058067436
3206	0.005928254
3207	0.006013126
3208	0.006230332
3209	0.005925766
3210	0.0063321088
3211	0.006012787
3212	0.0073187193
3213	0.00792765
3214	0.007774382
3215	0.007452337
3216	0.0076933485
3217	0.0065347464
3218	0.006227806
3219	0.006297425
3220	0.0058025885
3221	0.005345146
3222	0.0058877617
3223	0.0057871277
3224	0.0062563624
3225	0.0068410165
3226	0.0068768216
3227	0.0069166133
3228	0.011231837
3229	0.00678801
3230	0.0069731036
3231	0.0063978108
3232	0.00578734
3233	0.005377305
3234	0.0053123077
3235	0.005100781
3236	0.005174322
3237	0.0051928437
3238	0.005613125
3239	0.005633155
3240	0.005845713
3241	0.005524894
3242	0.0053679724
3243	0.0052722692
3244	0.0053872657
3245	0.0057197437
3246	0.0053848797
3247	0.0062774243
3248	0.0060013225
3249	0.006234331
3250	0.006683303
3251	0.0055961204
3252	0.0060284403
3253	0.0063910717
3254	0.0065057836
3255	0.0060536023
3256	0.0091188615
3257	0.005749666
3258	0.0059764003
3259	0.005567073
3260	0.005368404
3261	0.005142074
3262	0.0049588177
3263	0.004616984
3264	0.0047084414
3265	0.0047376743
3266	0.004481733
3267	0.0044140182
3268	0.004675794
3269	0.0046985536
3270	0.0045089684
3271	0.0047687273
3272	0.004911186
3273	0.0050906576
3274	0.0053140502
3275	0.005103318
3276	0.0052907076
3277	0.0051516118
3278	0.0054034656
3279	0.005824702
3280	0.0057459464
3281	0.0058686817
3282	0.008919523
3283	0.0064841285
3284	0.009245231
3285	0.0062717255
3286	0.0062449886
3287	0.006342482
3288	0.0059736622
3289	0.005957971
3290	0.0054136403
3291	0.0058234073
3292	0.006262458
3293	0.006369986
3294	0.008750388
3295	0.008296782
3296	0.009251462
3297	0.0072451504
3298	0.007908724
3299	0.0077317446
3300	0.007058285
3301	0.012629453
3302	0.006843633
3303	0.006584001
3304	0.006130095
3305	0.005323524
3306	0.005082647
3307	0.005287636
3308	0.005293537
3309	0.0057529937
3310	0.0058280835
3311	0.0059858295
3312	0.005560701
3313	0.0051263976
3314	0.0051894905
3315	0.004967582
3316	0.0049908487
3317	0.0048960354
3318	0.0050238697
3319	0.005155124
3320	0.0051482287
3321	0.005178193
3322	0.0053379126
3323	0.005393607
3324	0.005223646
3325	0.005136708
3326	0.005246424
3327	0.005205488
3328	0.0057726176
3329	0.007454359
3330	0.0066946913
3331	0.0065045827
3332	0.0059834896
3333	0.005812768
3334	0.0056071263
3335	0.005974628
3336	0.0063524544
3337	0.005877911
3338	0.0060772225
3339	0.006268804
3340	0.0072996328
3341	0.0079206545
3342	0.0059612654
3343	0.0059252847
3344	0.0056683896
3345	0.0052847355
3346	0.005164689
3347	0.0056786435
3348	0.0055843852
3349	0.0066052866
3350	0.0068875197
3351	0.007642
3352	0.008337632
3353	0.006588879
3354	0.006276779
3355	0.0060274983
3356	0.0057434416
3357	0.0054227784
3358	0.0051955185
3359	0.0051813237
3360	0.005378264
3361	0.0053026974
3362	0.0054129264
3363	0.0056776144
3364	0.006324452
3365	0.007155384
3366	0.0074965614
3367	0.013155328
3368	0.0105420565
3369	0.007836079
3370	0.007453181
3371	0.0068937102
3372	0.0060598357
3373	0.0051123453
3374	0.005042135
3375	0.0045741587
3376	0.0049921013
3377	0.004915975
3378	0.004812141
3379	0.005307208
3380	0.0053737173
3381	0.0059513142
3382	0.0057137148
3383	0.0053884285
3384	0.005646504
3385	0.006969588
3386	0.0060229166
3387	0.0064520813
3388	0.009121088
3389	0.007421317
3390	0.0071010445
3391	0.005993219
3392	0.006472804
3393	0.005126013
3394	0.0047108643
3395	0.0055747563
3396	0.004705916
3397	0.0050540753
3398	0.005092118
3399	0.0048474614
3400	0.005122336
3401	0.004781982
3402	0.0049950844
3403	0.004960021
3404	0.0049608927
3405	0.005572591
3406	0.005359739
3407	0.0052251313
3408	0.005582298
3409	0.005441112
3410	0.005351648
3411	0.005558465
3412	0.005595103
3413	0.008332815
3414	0.005624273
3415	0.0057539158
3416	0.0055418722
3417	0.005413184
3418	0.0053545926
3419	0.0052307136
3420	0.005291607
3421	0.0057015363
3422	0.0059618605
3423	0.005380523
3424	0.005580402
3425	0.005542933
3426	0.005898132
3427	0.0066002714
3428	0.0066629928
3429	0.007310489
3430	0.0068136854
3431	0.0063183308
3432	0.007502922
3433	0.0058326446
3434	0.005869805
3435	0.005769224
3436	0.005799601
3437	0.0053875754
3438	0.0056555457
3439	0.0056042564
3440	0.005844906
3441	0.005755786
3442	0.005635063
3443	0.0068747536
3444	0.0065116957
3445	0.0057436274
3446	0.005487101
3447	0.005179679
3448	0.0050657988
3449	0.005073454
3450	0.0051736487
3451	0.0050059254
3452	0.005303229
3453	0.0054495465
3454	0.0052658324
3455	0.005408546
3456	0.0051246537
3457	0.004942568
3458	0.0050407387
3459	0.0046765297
3460	0.0047963606
3461	0.005092841
3462	0.0048153885
3463	0.005235742
3464	0.004935794
3465	0.0048522893
3466	0.004957257
3467	0.00485163
3468	0.0049593532
3469	0.004884409
3470	0.0048099067
3471	0.004911094
3472	0.0047277063
3473	0.0047620228
3474	0.0048279455
3475	0.0047310228
3476	0.0046012853
3477	0.0046860026
3478	0.004470429
3479	0.004576968
3480	0.0045297975
3481	0.0048034023
3482	0.0048797783
3483	0.004854909
3484	0.0051689283
3485	0.0048896116
3486	0.004834082
3487	0.004848004
3488	0.0050097243
3489	0.0049654525
3490	0.004933412
3491	0.0047500115
3492	0.0047193775
3493	0.004760908
3494	0.0046330797
3495	0.004639932
3496	0.0048028203
3497	0.004655514
3498	0.0046490417
3499	0.004595584
3500	0.004511621
3501	0.004709566
3502	0.0049829455
3503	0.005112225
3504	0.0055035152
3505	0.0060725575
3506	0.0068489276
3507	0.0077568158
3508	0.009151973
3509	0.008822715
3510	0.008079715
3511	0.007027795
3512	0.0066502476
3513	0.0067780986
3514	0.0067646736
3515	0.0072534084
3516	0.007672934
3517	0.008168528
3518	0.010320343
3519	0.010350026
3520	0.014064948
3521	0.012601322
3522	0.008240771
3523	0.008339701
3524	0.010349998
3525	0.0075944867
3526	0.007829747
3527	0.006041838
3528	0.007398546
3529	0.006000693
3530	0.006475365
3531	0.0059131705
3532	0.006201612
3533	0.005764011
3534	0.0049979202
3535	0.0048520863
3536	0.0047118412
3537	0.0046065026
3538	0.0049084383
3539	0.004991347
3540	0.0057577672
3541	0.0058011105
3542	0.005330383
3543	0.004984481
3544	0.004906127
3545	0.0050001414
3546	0.005185961
3547	0.0049689626
3548	0.0048998864
3549	0.004926916
3550	0.0049667307
3551	0.004763211
3552	0.0049007838
3553	0.0044920156
3554	0.0045300275
3555	0.0047120303
3556	0.0049450523
3557	0.0052958727
3558	0.006313865
3559	0.006644883
3560	0.0098105725
3561	0.006748873
3562	0.0066331765
3563	0.008453418
3564	0.007902292
3565	0.006369857
3566	0.006550653
3567	0.005382826
3568	0.0051193163
3569	0.0053850855
3570	0.005055007
3571	0.005351167
3572	0.004892261
3573	0.0049937735
3574	0.0053315833
3575	0.005718176
3576	0.006138571
3577	0.005717218
3578	0.006787344
3579	0.0057272483
3580	0.0057063894
3581	0.0056461343
3582	0.005399536
3583	0.0054748617
3584	0.0054052165
3585	0.005618248
3586	0.0055564744
3587	0.006102481
3588	0.005984165
3589	0.006130754
3590	0.006297976
3591	0.0077273897
3592	0.009594835
3593	0.007400235
3594	0.008181395
3595	0.0072991736
3596	0.0061216718
3597	0.005491095
3598	0.0053826002
3599	0.005061932
3600	0.005420793
3601	0.0051758243
3602	0.0052892687
3603	0.005363302
3604	0.005146115
3605	0.005040639
3606	0.005109752
3607	0.0051794443
3608	0.005375838
3609	0.005248911
3610	0.005072574
3611	0.0052132397
3612	0.0051730406
3613	0.0050466983
3614	0.0051412922
3615	0.00530662
3616	0.005220974
3617	0.0056080325
3618	0.005103999
3619	0.005365171
3620	0.0048361416
3621	0.0049567306
3622	0.0048683407
3623	0.0047634556
3624	0.0048758457
3625	0.005189861
3626	0.0049722185
3627	0.005228387
3628	0.005154405
3629	0.0051389444
3630	0.004903757
3631	0.004945506
3632	0.0048930254
3633	0.0053936928
3634	0.0052180965
3635	0.0052671293
3636	0.0052164146
3637	0.0051312894
3638	0.0050098216
3639	0.004985178
3640	0.004654971
3641	0.004702013
3642	0.0047933618
3643	0.0048808763
3644	0.0049621314
3645	0.004954366
3646	0.005217177
3647	0.0050085075
3648	0.00607059
3649	0.004796262
3650	0.0052154902
3651	0.00508961
3652	0.005002493
3653	0.0048473133
3654	0.0049524684
3655	0.0052294037
3656	0.004745071
3657	0.0049412493
3658	0.0048719253
3659	0.004807546
3660	0.0047454885
3661	0.0043181865
3662	0.005003894
3663	0.0047537265
3664	0.0046194056
3665	0.004698639
3666	0.0050229924
3667	0.0051663416
3668	0.005023326
3669	0.004870127
3670	0.005522523
3671	0.004950504
3672	0.0052687833
3673	0.0053091776
3674	0.0054585375
3675	0.005127438
3676	0.0053086956
3677	0.0050794696
3678	0.0048759487
3679	0.0056734
3680	0.0053461622
3681	0.006146635
3682	0.0060335705
3683	0.0065456163
3684	0.007622502
3685	0.0060865954
3686	0.005985665
3687	0.0060584005
3688	0.005508094
3689	0.0054120785
3690	0.005539882
3691	0.0054051545
3692	0.0053527188
3693	0.0052458104
3694	0.005692634
3695	0.0055238446
3696	0.0060864445
3697	0.005710439
3698	0.0054953075
3699	0.0053806314
3700	0.005118139
3701	0.0053585814
3702	0.005756694
3703	0.005491444
3704	0.0058718463
3705	0.0056722797
3706	0.0053369277
3707	0.006002862
3708	0.0058059674
3709	0.0054854564
3710	0.0054623033
3711	0.005709835
3712	0.0052638543
3713	0.005591184
3714	0.005373179
3715	0.0053827437
3716	0.0052967872
3717	0.005334298
3718	0.005667743
3719	0.0054049618
3720	0.005245384
3721	0.005896074
3722	0.005494277
3723	0.006623865
3724	0.0066873026
3725	0.005785728
3726	0.00573455
3727	0.0053485553
3728	0.005665047
3729	0.005425527
3730	0.0062552914
3731	0.0059343544
3732	0.005264067
3733	0.005323737
3734	0.005400569
3735	0.005707463
3736	0.005456824
3737	0.0053305957
3738	0.005409532
3739	0.005418974
3740	0.005182879
3741	0.005404406
3742	0.0059230095
3743	0.0065895403
3744	0.0064716404
3745	0.008230515
3746	0.008458089
3747	0.007547159
3748	0.006372776
3749	0.006298936
3750	0.0053885933
3751	0.005369282
3752	0.005001004
3753	0.0047828993
3754	0.004540446
3755	0.0050915736
3756	0.0048845885
3757	0.00480571
3758	0.0049741026
3759	0.0046111112
3760	0.0051055187
3761	0.005265075
3762	0.0050545195
3763	0.0050206096
3764	0.0053316858
3765	0.0051425043
3766	0.0056825867
3767	0.0054016327
3768	0.005509547
3769	0.005360716
3770	0.0055756737
3771	0.0053486703
3772	0.0059539634
3773	0.0059292046
3774	0.0058441544
3775	0.0059175636
3776	0.0055050785
3777	0.0054099914
3778	0.0054171477
3779	0.005511511
3780	0.005493778
3781	0.005496316
3782	0.0062670717
3783	0.007039137
3784	0.006233418
3785	0.0069073313
3786	0.006330136
3787	0.006190936
3788	0.007590764
3789	0.006379918
3790	0.0062363753
3791	0.0063468926
3792	0.006263675
3793	0.006292835
3794	0.0063508386
3795	0.0070766206
3796	0.00662053
3797	0.0068168426
3798	0.006203995
3799	0.0061442144
3800	0.0062215766
3801	0.006025658
3802	0.008121539
3803	0.0059641846
3804	0.0062136175
3805	0.0057120267
3806	0.0066269897
3807	0.0057578776
3808	0.005793872
3809	0.0057770507
3810	0.0063278833
3811	0.00577938
3812	0.0062283427
3813	0.005795341
3814	0.006865328
3815	0.0058290334
3816	0.005680512
3817	0.005491132
3818	0.0053879283
3819	0.005221623
3820	0.004851234
3821	0.006368573
3822	0.005570678
3823	0.0058595724
3824	0.0065666824
3825	0.0060472544
3826	0.0069254623
3827	0.0059875455
3828	0.0057706647
3829	0.006502793
3830	0.005307776
3831	0.004819629
3832	0.0049112625
3833	0.0050591016
3834	0.00497453
3835	0.004927933
3836	0.0050920583
3837	0.0052406276
3838	0.0052794917
3839	0.0049565798
3840	0.005298669
3841	0.0048626894
3842	0.0051433155
3843	0.0048303604
3844	0.005058256
3845	0.0048551597
3846	0.0050885677
3847	0.0048828623
3848	0.0050228946
3849	0.0048083505
3850	0.004770062
3851	0.0045945337
3852	0.0049711466
3853	0.0048719794
3854	0.0047736643
3855	0.0050351205
3856	0.004552431
3857	0.004679795
3858	0.004923241
3859	0.004900098
3860	0.004996495
3861	0.0047232443
3862	0.004808544
3863	0.004682086
3864	0.00477162
3865	0.0048513655
3866	0.0049908115
3867	0.005072047
3868	0.005342566
3869	0.0055153933
3870	0.0053479723
3871	0.005022512
3872	0.005373611
3873	0.0052905637
3874	0.0055124285
3875	0.0052734353
3876	0.0053077093
3877	0.005443017
3878	0.0054369466
3879	0.0050761257
3880	0.0053400495
3881	0.0049437443
3882	0.0052168393
3883	0.0055896034
3884	0.005155939
3885	0.0056055295
3886	0.0059875697
3887	0.0059381276
3888	0.005653456
3889	0.0057517258
3890	0.005180247
3891	0.005309353
3892	0.0052029844
3893	0.005128975
3894	0.0054494822
3895	0.0056331
3896	0.0060203224
3897	0.00594283
3898	0.006606411
3899	0.006710957
3900	0.006415882
3901	0.0062938742
3902	0.006240315
3903	0.0061828
3904	0.0062678563
3905	0.0064547546
3906	0.0059390524
3907	0.005914959
3908	0.0060055926
3909	0.0062281056
3910	0.00616798
3911	0.005945213
3912	0.005921021
3913	0.0054821447
3914	0.0060816323
3915	0.005546053
3916	0.0055608656
3917	0.0054569524
3918	0.005494183
3919	0.0055476753
3920	0.0060035484
3921	0.00660976
3922	0.006807085
3923	0.0057168
3924	0.005647766
3925	0.005641605
3926	0.005454948
3927	0.00567081
3928	0.0060079554
3929	0.005470693
3930	0.0057734987
3931	0.005810397
3932	0.005354937
3933	0.0051888265
3934	0.005126659
3935	0.0046705687
3936	0.0053613773
3937	0.0055706957
3938	0.005258088
3939	0.0054124882
3940	0.0052855927
3941	0.005360803
3942	0.0051165856
3943	0.005084493
3944	0.005541964
3945	0.005120488
3946	0.005615373
3947	0.0050191544
3948	0.0052690525
3949	0.0052444274
3950	0.0048763407
3951	0.0049061533
3952	0.004813445
3953	0.0047782017
3954	0.0048154835
3955	0.005001502
3956	0.0048216614
3957	0.004788197
3958	0.005162774
3959	0.0048006745
3960	0.004507532
3961	0.004607832
3962	0.004582435
3963	0.0047393898
3964	0.0047784066
3965	0.0050106933
3966	0.0052891923
3967	0.005196234
3968	0.005095774
3969	0.0049957037
3970	0.005025035
3971	0.004785938
3972	0.0047663893
3973	0.005164019
3974	0.0052245185
3975	0.0054754997
3976	0.0055037485
3977	0.0055016847
3978	0.0054019717
3979	0.004822133
3980	0.004994768
3981	0.0048438096
3982	0.0048886677
3983	0.0049683303
3984	0.0051639928
3985	0.004869009
3986	0.0045706416
3987	0.004723979
3988	0.0046730936
3989	0.0048075207
3990	0.0049983626
3991	0.005022916
3992	0.004973661
3993	0.0050681317
3994	0.0050679594
3995	0.004975121
3996	0.0053116633
3997	0.0053067133
3998	0.005350022
3999	0.005317714
4000	0.0052467287
4001	0.0053682234
4002	0.0052668336
4003	0.004809063
4004	0.0050286166
4005	0.0051576956
4006	0.0051212213
4007	0.0049599996
4008	0.0051476248
4009	0.005082465
4010	0.0051863007
4011	0.005097067
4012	0.004932413
4013	0.0053533986
4014	0.0050660362
4015	0.0051691416
4016	0.0054052956
4017	0.0052842936
4018	0.005210569
4019	0.005192007
4020	0.005037316
4021	0.0051783994
4022	0.005388192
4023	0.0057979375
4024	0.005724016
4025	0.0066106617
4026	0.0054813214
4027	0.0057057366
4028	0.0048577623
4029	0.0048202053
4030	0.004478175
4031	0.0043033995
4032	0.004500198
4033	0.0044765566
4034	0.005014483
4035	0.00499223
4036	0.005262935
4037	0.0052209143
4038	0.005469017
4039	0.005509562
4040	0.005479891
4041	0.0052106967
4042	0.0050509768
4043	0.0051133954
4044	0.005216441
4045	0.004869554
4046	0.005228371
4047	0.0052441293
4048	0.0049496824
4049	0.005268692
4050	0.005294078
4051	0.00501984
4052	0.004787377
4053	0.0048614144
4054	0.00492309
4055	0.004725934
4056	0.0047113644
4057	0.0048472593
4058	0.004614665
4059	0.0045452095
4060	0.004522914
4061	0.0045835394
4062	0.0049549635
4063	0.004980862
4064	0.0053962516
4065	0.006770175
4066	0.0059070815
4067	0.0065360097
4068	0.006644477
4069	0.0069254152
4070	0.006862635
4071	0.0070309397
4072	0.006659233
4073	0.0061772363
4074	0.0058840215
4075	0.0059467223
4076	0.0062304847
4077	0.0060935896
4078	0.0054297457
4079	0.0055939844
4080	0.0053153895
4081	0.005346964
4082	0.0055869855
4083	0.005315056
4084	0.0053749764
4085	0.005225895
4086	0.0055842446
4087	0.0055309674
4088	0.005528014
4089	0.0055049867
4090	0.0056594037
4091	0.0059754774
4092	0.005512905
4093	0.0060719494
4094	0.0056895446
4095	0.0059758276
4096	0.006778028
4097	0.0057792133
4098	0.0062008044
4099	0.0056050015
4100	0.0055655194
4101	0.005113654
4102	0.0052557224
4103	0.005509856
4104	0.0060285153
4105	0.00564158
4106	0.0051967367
4107	0.004816436
4108	0.005158659
4109	0.0045870766
4110	0.0046721296
4111	0.004484008
4112	0.004794712
4113	0.004795206
4114	0.0048762253
4115	0.0050056037
4116	0.0049721086
4117	0.004833474
4118	0.0046453597
4119	0.0046521993
4120	0.0049425806
4121	0.0048535326
4122	0.0052523976
4123	0.0049338047
4124	0.0048685977
4125	0.004793262
4126	0.004671677
4127	0.004898914
4128	0.0046785744
4129	0.0052677253
4130	0.005715753
4131	0.006045963
4132	0.0062742177
4133	0.007385169
4134	0.007713287
4135	0.00797453
4136	0.007560105
4137	0.006231984
4138	0.0055678575
4139	0.0059214663
4140	0.005526045
4141	0.0058646714
4142	0.006744546
4143	0.0063839657
4144	0.0064812033
4145	0.0086072385
4146	0.007106377
4147	0.006741722
4148	0.0077679045
4149	0.00663777
4150	0.0068352995
4151	0.006513264
4152	0.0060460134
4153	0.006670423
4154	0.0061269877
4155	0.0059839822
4156	0.0059740148
4157	0.00622063
4158	0.0058234506
4159	0.0066949762
4160	0.0072468333
4161	0.0067894408
4162	0.007607494
4163	0.006778459
4164	0.0065231468
4165	0.0063176407
4166	0.0061735916
4167	0.0062568197
4168	0.007162259
4169	0.0055536404
4170	0.005949393
4171	0.0060447278
4172	0.0058183353
4173	0.0066218944
4174	0.0077375276
4175	0.0075594396
4176	0.007651736
4177	0.007544332
4178	0.011245554
4179	0.007283064
4180	0.007214865
4181	0.00651938
4182	0.0054533836
4183	0.0054968745
4184	0.0052400064
4185	0.0049989363
4186	0.0051626386
4187	0.00511364
4188	0.0050264196
4189	0.005610084
4190	0.0056639016
4191	0.0058137104
4192	0.0062262416
4193	0.0076678037
4194	0.0068342322
4195	0.008427024
4196	0.006448106
4197	0.0060626795
4198	0.005864764
4199	0.005336501
4200	0.0052177515
4201	0.005084943
4202	0.0053063883
4203	0.004883744
4204	0.0051648812
4205	0.004931746
4206	0.0052548423
4207	0.0053681107
4208	0.005426254
4209	0.0055974163
4210	0.005295486
4211	0.005579264
4212	0.0057896916
4213	0.0054582143
4214	0.0058316416
4215	0.0055704527
4216	0.005127795
4217	0.005136809
4218	0.0050893975
4219	0.0049707955
4220	0.0050773853
4221	0.0051713353
4222	0.0053307544
4223	0.0052990178
4224	0.005062023
4225	0.0051222146
4226	0.0051037883
4227	0.00509913
4228	0.0056948303
4229	0.005694891
4230	0.0067414446
4231	0.008019156
4232	0.010213729
4233	0.011138506
4234	0.011378678
4235	0.0058816536
